1566300772.081300, 0.000000 0.000000 0.000000 0 0 0 1
1566300772.182321, 0.000500 -0.018536 0.000000 0 0 0 1
1566300772.283028, -0.011337 -0.000306 0.000000 0 0 0 1
1566300772.381240, -0.010837 -0.018842 0.000000 0 0 0 1
1566300772.481488, -0.011337 -0.000306 0.000000 0 0 0 1
1566300772.785280, -0.011337 -0.000306 0.000000 0 0 0 1
1566300772.881916, -0.011337 -0.000306 0.000000 0 0 0 1
1566300772.991737, -0.011337 -0.000306 0.000000 0 0 0 1
1566300773.098461, -0.011337 -0.000306 0.000000 0 0 0 1
1566300773.199369, -0.011337 -0.000306 0.000000 0 0 0 1
1566300773.300521, 0.000000 0.000000 0.000000 0 0 0 1
1566300773.400884, 0.000000 0.000000 0.000000 0 0 0 1
1566300773.501376, -0.011337 -0.000306 0.000000 0 0 0 1
1566300773.600782, 0.000000 0.000000 0.000000 0 0 0 1
1566300773.698562, -0.011337 -0.000306 0.000000 0 0 0 1
1566300773.791201, -0.010837 -0.018842 0.000000 0 0 0 1
1566300773.895478, -0.011337 -0.000306 0.000000 0 0 0 1
1566300774.000428, -0.010837 -0.018842 0.000000 0 0 0 1
1566300774.097385, -0.021674 -0.037683 0.000000 0 0 0 1
1566300774.196445, -0.010837 -0.018842 0.000000 0 0 0 1
1566300774.283310, -0.022174 -0.019147 0.000000 0 0 0 1
1566300774.399905, -0.010837 -0.018842 0.000000 0 0 0 1
1566300774.497480, -0.010837 -0.018842 0.000000 0 0 0 1
1566300774.597923, -0.010837 -0.018842 0.000000 0 0 0 1
1566300774.689756, -0.010837 -0.018842 0.000000 0 0 0 1
1566300774.794074, 0.000500 -0.018536 0.000000 0 0 0 1
1566300774.894661, -0.010837 -0.018842 0.000000 0 0 0 1
1566300774.986268, 0.000500 -0.018536 0.000000 0 0 0 1
1566300775.098982, 0.000500 -0.018536 0.000000 0 0 0 1
1566300775.195989, 0.000000 0.000000 0.000000 0 0 0 1
1566300775.297673, 0.000500 -0.018536 0.000000 0 0 0 1
1566300775.397388, 0.000000 0.000000 0.000000 0 0 0 1
1566300775.482149, 0.000000 0.000000 0.000000 0 0 0 1
1566300775.591091, 0.000000 0.000000 0.000000 0 0 0 1
1566300775.682060, 0.011337 0.000306 0.000000 0 0 0 1
1566300775.794826, 0.000000 0.000000 0.000000 0 0 0 1
1566300775.894170, 0.000000 0.000000 0.000000 0 0 0 1
1566300775.987804, -0.000500 0.018536 0.000000 0 0 0 1
1566300776.099040, 0.011337 0.000306 0.000000 0 0 0 1
1566300776.777139, 0.034511 -0.017618 0.000000 0 0 0 1
1566300776.887856, 0.034511 -0.017618 0.000000 0 0 0 1
1566300776.984140, 0.034511 -0.017618 0.000000 0 0 0 1
1566300777.093110, 0.034511 -0.017618 0.000000 0 0 0 1
1566300777.179223, 0.034511 -0.017618 0.000000 0 0 0 1
1566300777.292927, 0.045848 -0.017312 0.000000 0 0 0 1
1566300777.374796, 0.034511 -0.017618 0.000000 0 0 0 1
1566300777.500669, 0.034511 -0.017618 0.000000 0 0 0 1
1566300777.581227, 0.034511 -0.017618 0.000000 0 0 0 1
1566300777.700346, 0.034511 -0.017618 0.000000 0 0 0 1
1566300777.787994, 0.034511 -0.017618 0.000000 0 0 0 1
1566300777.896939, 0.046348 -0.035848 0.000000 0 0 0 1
1566300777.994173, 0.045848 -0.017312 0.000000 0 0 0 1
1566300778.081354, 0.045848 -0.017312 0.000000 0 0 0 1
1566300778.188866, 0.045848 -0.017312 0.000000 0 0 0 1
1566300778.281712, 0.046348 -0.035848 0.000000 0 0 0 1
1566300778.387889, 0.045848 -0.017312 0.000000 0 0 0 1
1566300778.484021, 0.045848 -0.017312 0.000000 0 0 0 1
1566300778.589521, 0.045848 -0.017312 0.000000 0 0 0 1
1566300778.686415, 0.045848 -0.017312 0.000000 0 0 0 1
1566300778.785771, 0.045848 -0.017312 0.000000 0 0 0 1
1566300778.882751, 0.045848 -0.017312 0.000000 0 0 0 1
1566300778.990784, 0.045848 -0.017312 0.000000 0 0 0 1
1566300779.087862, 0.045848 -0.017312 0.000000 0 0 0 1
1566300779.191175, 0.045848 -0.017312 0.000000 0 0 0 1
1566300779.284501, 0.045848 -0.017312 0.000000 0 0 0 1
1566300779.393893, 0.045848 -0.017312 0.000000 0 0 0 1
1566300779.481200, 0.057185 -0.017006 0.000000 0 0 0 1
1566300779.592489, 0.045848 -0.017312 0.000000 0 0 0 1
1566300779.681650, 0.045848 -0.017312 0.000000 0 0 0 1
1566300779.792276, 0.045848 -0.017312 0.000000 0 0 0 1
1566300779.879280, 0.045848 -0.017312 0.000000 0 0 0 1
1566300780.001747, 0.057185 -0.017006 0.000000 0 0 0 1
1566300780.076321, 0.057185 -0.017006 0.000000 0 0 0 1
1566300780.198305, 0.045848 -0.017312 0.000000 0 0 0 1
1566300780.294262, 0.045848 -0.017312 0.000000 0 0 0 1
1566300780.394158, 0.056685 0.001530 0.000000 0 0 0 1
1566300780.479952, 0.045348 0.001224 0.000000 0 0 0 1
1566300780.597533, 0.057185 -0.017006 0.000000 0 0 0 1
1566300780.678767, 0.056685 0.001530 0.000000 0 0 0 1
1566300780.790530, 0.056685 0.001530 0.000000 0 0 0 1
1566300780.891623, 0.045348 0.001224 0.000000 0 0 0 1
1566300780.996710, 0.056185 0.020065 0.000000 0 0 0 1
1566300781.080758, 0.056185 0.020065 0.000000 0 0 0 1
1566300781.207980, 0.056185 0.020065 0.000000 0 0 0 1
1566300781.297449, 0.056185 0.020065 0.000000 0 0 0 1
1566300781.397734, 0.056185 0.020065 0.000000 0 0 0 1
1566300781.497524, 0.056185 0.020065 0.000000 0 0 0 1
1566300781.597699, 0.056185 0.020065 0.000000 0 0 0 1
1566300781.689315, 0.055685 0.038601 0.000000 0 0 0 1
1566300781.788620, 0.055685 0.038601 0.000000 0 0 0 1
1566300781.884090, 0.056185 0.020065 0.000000 0 0 0 1
1566300781.992390, 0.055685 0.038601 0.000000 0 0 0 1
1566300782.078814, 0.067022 0.038907 0.000000 0 0 0 1
1566300782.179330, 0.055685 0.038601 0.000000 0 0 0 1
1566300782.277349, 0.067022 0.038907 0.000000 0 0 0 1
1566300782.390848, 0.067022 0.038907 0.000000 0 0 0 1
1566300782.506528, 0.055685 0.038601 0.000000 0 0 0 1
1566300782.597445, 0.066522 0.057442 0.000000 0 0 0 1
1566300782.697362, 0.066522 0.057442 0.000000 0 0 0 1
1566300782.788353, 0.066522 0.057442 0.000000 0 0 0 1
1566300782.890817, 0.055185 0.057137 0.000000 0 0 0 1
1566300783.002217, 0.055685 0.038601 0.000000 0 0 0 1
1566300783.094103, 0.066021 0.075978 0.000000 0 0 0 1
1566300783.193557, 0.065521 0.094514 0.000000 0 0 0 1
1566300783.298047, 0.054184 0.094208 0.000000 0 0 0 1
1566300783.397326, 0.054684 0.075672 0.000000 0 0 0 1
1566300783.494041, 0.054184 0.094208 0.000000 0 0 0 1
1566300783.593405, 0.054184 0.094208 0.000000 0 0 0 1
1566300783.692452, 0.054184 0.094208 0.000000 0 0 0 1
1566300783.792940, 0.053684 0.112744 0.000000 0 0 0 1
1566300783.890166, 0.042847 0.093902 0.000000 0 0 0 1
1566300784.000287, 0.042847 0.093902 0.000000 0 0 0 1
1566300784.095172, 0.066021 0.075978 0.000000 0 0 0 1
1566300784.196714, 0.077859 0.057748 0.000000 0 0 0 1
1566300784.297185, 0.077358 0.076284 0.000000 0 0 0 1
1566300784.396891, 0.066021 0.075978 0.000000 0 0 0 1
1566300784.495294, 0.066021 0.075978 0.000000 0 0 0 1
1566300784.592689, 0.065521 0.094514 0.000000 0 0 0 1
1566300784.688900, 0.066021 0.075978 0.000000 0 0 0 1
1566300784.787415, 0.054184 0.094208 0.000000 0 0 0 1
1566300784.892961, 0.053684 0.112744 0.000000 0 0 0 1
1566300784.997386, 0.053684 0.112744 0.000000 0 0 0 1
1566300785.096053, 0.041847 0.130973 0.000000 0 0 0 1
1566300785.197089, 0.041847 0.130973 0.000000 0 0 0 1
1566300785.297048, 0.041847 0.130973 0.000000 0 0 0 1
1566300785.394147, 0.041847 0.130973 0.000000 0 0 0 1
1566300785.488535, 0.030510 0.130667 0.000000 0 0 0 1
1566300785.595864, 0.041347 0.149509 0.000000 0 0 0 1
1566300785.693483, 0.030010 0.149203 0.000000 0 0 0 1
1566300785.793427, 0.030010 0.149203 0.000000 0 0 0 1
1566300785.893171, 0.029510 0.167739 0.100000 0 0 0 1
1566300785.997648, 0.029510 0.167739 0.000000 0 0 0 1
1566300786.097000, 0.029510 0.167739 0.000000 0 0 0 1
1566300786.193573, 0.029510 0.167739 0.000000 0 0 0 1
1566300786.297770, 0.029009 0.186274 0.100000 0 0 0 1
1566300786.389674, 0.029009 0.186274 0.100000 0 0 0 1
1566300786.478987, 0.029009 0.186274 0.100000 0 0 0 1
1566300786.580182, 0.029009 0.186274 0.100000 0 0 0 1
1566300786.679068, 0.029009 0.186274 0.100000 0 0 0 1
1566300786.783576, 0.029009 0.186274 0.100000 0 0 0 1
1566300786.883158, 0.040347 0.186580 0.000000 0 0 0 1
1566300786.990236, 0.039846 0.205116 0.100000 0 0 0 1
1566300787.094408, 0.039846 0.205116 0.100000 0 0 0 1
1566300787.195897, 0.039846 0.205116 0.100000 0 0 0 1
1566300787.290810, 0.039846 0.205116 0.100000 0 0 0 1
1566300787.397634, 0.039846 0.205116 0.100000 0 0 0 1
1566300787.493663, 0.039846 0.205116 0.100000 0 0 0 1
1566300787.593972, 0.039346 0.223652 0.100000 0 0 0 1
1566300787.696783, 0.039346 0.223652 0.100000 0 0 0 1
1566300787.790531, 0.039346 0.223652 0.100000 0 0 0 1
1566300787.893843, 0.038846 0.242187 0.100000 0 0 0 1
1566300787.996014, 0.038846 0.242187 0.100000 0 0 0 1
1566300788.097413, 0.050183 0.242493 0.100000 0 0 0 1
1566300788.190399, 0.038846 0.242187 0.100000 0 0 0 1
1566300788.292912, 0.050183 0.242493 0.100000 0 0 0 1
1566300788.392425, 0.061520 0.242799 0.100000 0 0 0 1
1566300788.492810, 0.061520 0.242799 0.100000 0 0 0 1
1566300788.593772, 0.061520 0.242799 0.100000 0 0 0 1
1566300788.691510, 0.072857 0.243105 0.100000 0 0 0 1
1566300788.785886, 0.084194 0.243411 0.100000 0 0 0 1
1566300788.885579, 0.095531 0.243717 0.100000 0 0 0 1
1566300788.993800, 0.118205 0.244329 0.100000 0 0 0 1
1566300789.088801, 0.130042 0.226099 0.100000 0 0 0 1
1566300789.194300, 0.152716 0.226711 0.100000 0 0 0 1
1566300789.293863, 0.187228 0.209093 0.100000 0 0 0 1
1566300789.398660, 0.221739 0.191475 0.100000 0 0 0 1
1566300789.497941, 0.267587 0.174163 0.100000 0 0 0 1
1566300789.597411, 0.324772 0.157157 0.100000 0 0 0 1
1566300789.701757, 0.405132 0.122227 0.100000 0 0 0 1
1566300789.792594, 0.462817 0.086685 0.100000 0 0 0 1
1566300789.892418, 0.510166 0.013766 0.100000 0 0 0 1
1566300789.991640, 0.523003 -0.041535 0.100000 0 0 0 1
1566300790.094066, 0.557014 -0.040617 0.100000 0 0 0 1
1566300790.194720, 0.601862 -0.020858 0.100000 0 0 0 1
1566300790.295884, 0.624536 -0.020246 0.100000 0 0 0 1
1566300790.393458, 0.647210 -0.019634 0.100000 0 0 0 1
1566300790.491658, 0.681721 -0.037252 0.100000 0 0 0 1
1566300790.597291, 0.693558 -0.055482 0.100000 0 0 0 1
1566300790.687614, 0.716733 -0.073406 0.100000 0 0 0 1
1566300790.788257, 0.751244 -0.091024 0.100000 0 0 0 1
1566300790.884274, 0.796592 -0.089800 0.100000 0 0 0 1
1566300790.994795, 0.831103 -0.107418 0.100000 0 0 0 1
1566300791.094532, 0.854277 -0.125342 0.100000 0 0 0 1
1566300791.199484, 0.900125 -0.142654 0.100000 0 0 0 1
1566300791.296852, 0.958311 -0.196732 0.100000 0 0 0 1
1566300791.395577, 1.004159 -0.214044 0.100000 0 0 0 1
1566300791.494475, 1.061344 -0.231050 0.100000 0 0 0 1
1566300791.593296, 1.119030 -0.266591 0.200000 0 0 0 1
1566300791.701338, 1.188552 -0.320363 0.200000 0 0 0 1
1566300791.786907, 1.245738 -0.337369 0.200000 0 0 0 1
1566300791.890505, 1.314260 -0.354069 0.200000 0 0 0 1
1566300791.999356, 1.383782 -0.407841 0.200000 0 0 0 1
1566300792.095634, 1.430131 -0.443689 0.200000 0 0 0 1
1566300792.196615, 1.510490 -0.478619 0.200000 0 0 0 1
1566300792.297304, 1.568176 -0.514160 0.200000 0 0 0 1
1566300792.396271, 1.649035 -0.567626 0.200000 0 0 0 1
1566300792.495855, 1.729395 -0.602556 0.200000 0 0 0 1
1566300792.595261, 1.810254 -0.656022 0.200000 0 0 0 1
1566300792.686281, 1.891114 -0.709487 0.200000 0 0 0 1
1566300792.792723, 1.971973 -0.762953 0.200000 0 0 0 1
1566300792.892572, 2.064170 -0.816112 0.200000 0 0 0 1
1566300793.001250, 2.145029 -0.869578 0.200000 0 0 0 1
1566300793.100488, 2.225389 -0.904508 0.200000 0 0 0 1
1566300793.197130, 2.306749 -0.976509 0.200000 0 0 0 1
1566300793.299728, 2.398945 -1.029669 0.200000 0 0 0 1
1566300793.398301, 2.501979 -1.063987 0.200000 0 0 0 1
1566300793.498926, 2.560164 -1.118065 0.200000 0 0 0 1
1566300793.591799, 2.574002 -1.210437 0.200000 0 0 0 1
1566300793.702872, 2.632688 -1.283050 0.200000 0 0 0 1
1566300793.795753, 2.690873 -1.337128 0.200000 0 0 0 1
1566300793.898728, 2.748559 -1.372669 0.200000 0 0 0 1
1566300793.999150, 2.795407 -1.427053 0.200000 0 0 0 1
1566300794.096984, 2.853093 -1.462595 0.200000 0 0 0 1
1566300794.199586, 2.933952 -1.516060 0.200000 0 0 0 1
1566300794.297055, 3.026149 -1.569220 0.200000 0 0 0 1
1566300794.400687, 3.084335 -1.623297 0.200000 0 0 0 1
1566300794.491767, 3.120846 -1.715058 0.200000 0 0 0 1
1566300794.598328, 3.167695 -1.769441 0.200000 0 0 0 1
1566300794.691020, 3.226381 -1.842054 0.200000 0 0 0 1
1566300794.790967, 3.284566 -1.896132 0.200000 0 0 0 1
1566300794.889728, 3.354589 -1.968439 0.200000 0 0 0 1
1566300794.989789, 3.425612 -2.077818 0.200000 0 0 0 1
1566300795.089899, 3.486799 -2.243109 0.200000 0 0 0 1
1566300795.193871, 3.557322 -2.333952 0.200000 0 0 0 1
1566300795.297276, 3.605671 -2.443942 0.200000 0 0 0 1
1566300795.389659, 3.676694 -2.553321 0.200000 0 0 0 1
1566300795.495953, 3.736880 -2.681541 0.200000 0 0 0 1
1566300795.601181, 3.796566 -2.791225 0.200000 0 0 0 1
1566300795.696944, 3.857253 -2.937981 0.200000 0 0 0 1
1566300795.785826, 3.906102 -3.066507 0.200000 0 0 0 1
1566300795.888733, 3.931777 -3.177110 0.200000 0 0 0 1
1566300795.992328, 3.991963 -3.305330 0.200000 0 0 0 1
1566300796.104819, 4.017638 -3.415932 0.200000 0 0 0 1
1566300796.201676, 4.054651 -3.526228 0.200000 0 0 0 1
1566300796.295747, 4.069489 -3.655672 0.200000 0 0 0 1
1566300796.399701, 4.095164 -3.766274 0.200000 0 0 0 1
1566300796.481873, 4.109002 -3.858647 0.200000 0 0 0 1
1566300796.582077, 4.122840 -3.951019 0.200000 0 0 0 1
1566300796.681609, 4.124840 -4.025162 0.200000 0 0 0 1
1566300796.801647, 4.126341 -4.080769 0.200000 0 0 0 1
1566300796.895054, 4.138678 -4.117534 0.300000 0 0 0 1
1566300796.999246, 4.139678 -4.154606 0.300000 0 0 0 1
1566300797.099021, 4.129842 -4.210519 0.300000 0 0 0 1
1566300797.191459, 4.130842 -4.247590 0.300000 0 0 0 1
1566300797.296432, 4.131843 -4.284661 0.300000 0 0 0 1
1566300797.399730, 4.132843 -4.321733 0.300000 0 0 0 1
1566300797.496055, 4.133843 -4.358804 0.300000 0 0 0 1
1566300797.601934, 4.123507 -4.396181 0.300000 0 0 0 1
1566300797.690593, 4.112670 -4.415023 0.300000 0 0 0 1
1566300797.795755, 4.101833 -4.433865 0.300000 0 0 0 1
1566300797.895355, 4.101833 -4.433865 0.300000 0 0 0 1
1566300797.996621, 4.113170 -4.433559 0.300000 0 0 0 1
1566300798.096041, 4.113170 -4.433559 0.300000 0 0 0 1
1566300798.197363, 4.112170 -4.396487 0.300000 0 0 0 1
1566300798.300678, 4.123006 -4.377646 0.300000 0 0 0 1
1566300798.386004, 4.133343 -4.340268 0.300000 0 0 0 1
1566300798.500341, 4.154517 -4.284050 0.300000 0 0 0 1
1566300798.597676, 4.175690 -4.227831 0.300000 0 0 0 1
1566300798.700109, 4.207701 -4.152770 0.300000 0 0 0 1
1566300798.797063, 4.239711 -4.077710 0.300000 0 0 0 1
1566300798.879703, 4.248547 -3.984725 0.300000 0 0 0 1
1566300799.786383, 4.972115 -2.629660 0.300000 0 0 0 1
1566300799.871356, 5.103158 -2.440632 0.300000 0 0 0 1
1566300799.993698, 5.209525 -2.178074 0.300000 0 0 0 1
1566300800.080372, 5.349904 -1.914597 0.300000 0 0 0 1
1566300800.191642, 5.490283 -1.651121 0.300000 0 0 0 1
1566300800.290324, 5.653336 -1.387032 0.300000 0 0 0 1
1566300800.383879, 5.793214 -1.105020 0.300000 0 0 0 1
1566300800.493582, 5.956267 -0.840932 0.300000 0 0 0 1
1566300800.586410, 6.129656 -0.539466 0.300000 0 0 0 1
1566300800.690108, 6.292209 -0.256842 0.300000 0 0 0 1
1566300800.776274, 6.477436 0.026394 0.300000 0 0 0 1
1566300800.885921, 6.662162 0.328165 0.300000 0 0 0 1
1566300800.984192, 6.846888 0.629937 0.300000 0 0 0 1
1566300801.091605, 7.054289 0.932320 0.300000 0 0 0 1
1566300801.178028, 7.250352 1.234398 0.300000 0 0 0 1
1566300801.289600, 7.446415 1.536475 0.300000 0 0 0 1
1566300801.378532, 7.631141 1.838247 0.300000 0 0 0 1
1566300801.495141, 7.838541 2.140630 0.300000 0 0 0 1
1566300801.578183, 8.023268 2.442402 0.300000 0 0 0 1
1566300801.687039, 8.230668 2.744785 0.200000 0 0 0 1
1566300801.778655, 8.449405 3.047475 0.300000 0 0 0 1
1566300801.893779, 8.634631 3.330711 0.200000 0 0 0 1
1566300801.984399, 8.853368 3.633400 0.200000 0 0 0 1
1566300802.096460, 9.061269 3.917248 0.200000 0 0 0 1
1566300802.180100, 9.268669 4.219632 0.200000 0 0 0 1
1566300802.298023, 9.476069 4.522015 0.200000 0 0 0 1
1566300802.391509, 9.683469 4.824399 0.200000 0 0 0 1
1566300802.497886, 9.890368 5.145318 0.200000 0 0 0 1
1566300802.575107, 10.120942 5.429778 0.200000 0 0 0 1
1566300802.692309, 10.339179 5.751003 0.200000 0 0 0 1
1566300812.782917, 43.122984 59.278374 -0.600000 0 0 0 1
1566300812.881720, 43.554615 59.679557 -0.600000 0 0 0 1
1566300812.985908, 43.998083 60.062511 -0.600000 0 0 0 1
1566300813.091736, 44.454390 60.390164 -0.600000 0 0 0 1
1566300813.185434, 44.910696 60.717818 -0.600000 0 0 0 1
1566300813.285837, 45.391677 60.971940 -0.600000 0 0 0 1
1566300813.382713, 45.883995 61.226369 -0.600000 0 0 0 1
1566300813.487600, 46.355641 61.406043 -0.600000 0 0 0 1
1566300813.589559, 46.849460 61.604864 -0.600000 0 0 0 1
1566300813.686712, 47.344279 61.766614 -0.600000 0 0 0 1
1566300813.785724, 47.851937 61.873064 -0.600000 0 0 0 1
1566300813.886719, 48.359094 61.998049 -0.600000 0 0 0 1
1566300813.990536, 48.878589 62.086269 -0.600000 0 0 0 1
1566300814.090129, 49.387747 62.137111 -0.600000 0 0 0 1
1566300814.191532, 49.897906 62.150883 -0.600000 0 0 0 1
1566300814.285892, 50.407065 62.201725 -0.600000 0 0 0 1
1566300814.390234, 50.918225 62.178425 -0.600000 0 0 0 1
1566300814.490261, 51.429885 62.136590 -0.600000 0 0 0 1
1566300814.588096, 51.942546 62.057683 -0.600000 0 0 0 1
1566300814.687615, 52.455207 61.978776 -0.500000 0 0 0 1
1566300814.787249, 52.968368 61.881333 -0.500000 0 0 0 1
1566300814.886867, 53.493868 61.747125 -0.500000 0 0 0 1
1566300814.993489, 54.008530 61.594076 -0.500000 0 0 0 1
1566300815.087880, 54.524193 61.403955 -0.500000 0 0 0 1
1566300815.184682, 55.039857 61.213835 -0.500000 0 0 0 1
1566300815.293831, 55.567858 60.986949 -0.500000 0 0 0 1
1566300815.393275, 56.084522 60.759757 -0.500000 0 0 0 1
1566300815.494982, 56.624360 60.514641 -0.500000 0 0 0 1
1566300815.594305, 57.152862 60.269220 -0.500000 0 0 0 1
1566300815.694523, 57.682364 59.986727 -0.500000 0 0 0 1
1566300815.793895, 58.189693 59.685087 -0.500000 0 0 0 1
1566300815.892911, 58.708359 59.383752 -0.500000 0 0 0 1
1566300815.998209, 59.228026 59.045347 -0.500000 0 0 0 1
1566300816.092670, 59.747693 58.706941 -0.500000 0 0 0 1
1566300816.200751, 60.256524 58.349694 -0.500000 0 0 0 1
1566300816.282908, 60.776691 57.992753 -0.500000 0 0 0 1
1566300816.397340, 61.297860 57.598740 -0.500000 0 0 0 1
1566300816.496493, 61.840201 57.260947 -0.500000 0 0 0 1
1566300816.595854, 62.361369 56.866935 -0.500000 0 0 0 1
1566300816.696924, 62.904711 56.492070 -0.500000 0 0 0 1
1566300816.788495, 63.437217 56.098364 -0.500000 0 0 0 1
1566300816.884566, 63.981059 55.704964 -0.500000 0 0 0 1
1566300816.985536, 64.525402 55.293028 -0.500000 0 0 0 1
1566300817.097694, 65.069245 54.899628 -0.500000 0 0 0 1
1566300817.200381, 65.612587 54.524764 -0.500000 0 0 0 1
1566300817.296552, 66.191442 54.095211 -0.500000 0 0 0 1
1566300817.394439, 66.758459 53.683888 -0.500000 0 0 0 1
1566300817.479188, 67.336813 53.272871 -0.500000 0 0 0 1
1566300817.594570, 67.916168 52.824782 -0.400000 0 0 0 1
1566300817.679944, 68.494022 52.432301 -0.500000 0 0 0 1
1566300817.796866, 69.105887 52.040738 -0.500000 0 0 0 1
1566300817.886048, 69.707415 51.611797 -0.400000 0 0 0 1
1566300817.986178, 70.307943 51.219928 -0.400000 0 0 0 1
1566300818.093289, 70.920309 50.809830 -0.400000 0 0 0 1
1566300818.183258, 71.532174 50.418267 -0.400000 0 0 0 1
1566300818.291658, 72.144039 50.026704 -0.400000 0 0 0 1
1566300818.381552, 72.755904 49.635141 -0.400000 0 0 0 1
1566300818.491084, 73.356433 49.243273 -0.400000 0 0 0 1
1566300818.584086, 73.967798 48.870246 -0.400000 0 0 0 1
1566300818.686220, 74.579163 48.497219 -0.400000 0 0 0 1
1566300818.769013, 75.190028 48.142728 -0.400000 0 0 0 1
1566300818.880249, 75.789556 47.787931 -0.400000 0 0 0 1
1566300818.976077, 76.423095 47.434053 -0.400000 0 0 0 1
1566300819.100445, 77.067470 47.099016 -0.400000 0 0 0 1
1566300819.194020, 77.711845 46.763979 -0.300000 0 0 0 1
1566300819.296360, 78.367558 46.429249 -0.300000 0 0 0 1
1566300819.379574, 79.034107 46.113360 -0.300000 0 0 0 1
1566300819.495373, 79.723330 45.798083 -0.300000 0 0 0 1
1566300819.579108, 80.412052 45.501343 -0.300000 0 0 0 1
1566300819.688456, 81.123448 45.205214 -0.300000 0 0 0 1
1566300819.785774, 81.846182 44.909392 -0.300000 0 0 0 1
1566300819.886280, 82.568415 44.632106 -0.300000 0 0 0 1
1566300819.980317, 83.301985 44.355126 -0.300000 0 0 0 1
1566300820.102619, 84.058229 44.078758 -0.300000 0 0 0 1
1566300820.180262, 84.824809 43.839767 -0.300000 0 0 0 1
1566300820.303571, 85.614563 43.582854 -0.300000 0 0 0 1
1566300820.378950, 86.392480 43.344170 -0.300000 0 0 0 1
1566300820.485315, 87.203908 43.124940 -0.300000 0 0 0 1
1566300820.587182, 88.003998 42.905404 -0.300000 0 0 0 1
1566300820.685919, 88.826262 42.705017 -0.300000 0 0 0 1
1566300820.790028, 89.637189 42.504323 -0.300000 0 0 0 1
1566300820.882266, 90.481627 42.323083 -0.300000 0 0 0 1
1566300820.997054, 91.348738 42.142456 -0.200000 0 0 0 1
1566300821.084735, 92.203511 41.998594 -0.200000 0 0 0 1
1566300821.197085, 93.080959 41.855345 -0.200000 0 0 0 1
1566300821.293164, 93.958406 41.712096 -0.200000 0 0 0 1
1566300821.393745, 94.846690 41.587688 -0.200000 0 0 0 1
1566300821.478795, 95.745811 41.482123 -0.200000 0 0 0 1
1566300821.592856, 96.656268 41.376864 -0.200000 0 0 0 1
1566300821.681806, 97.566225 41.290141 -0.200000 0 0 0 1
1566300821.788511, 98.487518 41.203724 -0.200000 0 0 0 1
1566300821.878148, 99.420650 41.099078 -0.200000 0 0 0 1
1566300821.992694, 100.340943 41.049733 -0.200000 0 0 0 1
1566300822.082990, 101.306082 41.020148 -0.200000 0 0 0 1
1566300822.193204, 102.237712 40.971109 -0.200000 0 0 0 1
1566300822.278913, 103.180178 40.940913 -0.200000 0 0 0 1
1566300822.387056, 104.134482 40.892487 -0.200000 0 0 0 1
1566300822.477845, 105.100123 40.844367 -0.200000 0 0 0 1
1566300822.593919, 106.054426 40.795941 -0.200000 0 0 0 1
1566300822.679305, 107.020067 40.747822 -0.200000 0 0 0 1
1566300822.796083, 107.986208 40.681167 -0.200000 0 0 0 1
1566300822.892871, 108.951348 40.651584 -0.200000 0 0 0 1
1566300823.000827, 109.928326 40.603771 -0.200000 0 0 0 1
1566300823.083396, 110.917642 40.519194 -0.200000 0 0 0 1
1566300823.200566, 111.905957 40.471688 -0.200000 0 0 0 1
1566300823.293187, 112.882934 40.423876 -0.200000 0 0 0 1
1566300823.396216, 113.871249 40.376370 -0.200000 0 0 0 1
1566300823.495423, 114.870901 40.329171 -0.200000 0 0 0 1
1566300823.597514, 115.871053 40.263436 -0.200000 0 0 0 1
1566300823.693564, 116.882042 40.216544 -0.200000 0 0 0 1
1566300823.786506, 117.882194 40.150809 -0.200000 0 0 0 1
1566300823.886991, 118.904520 40.104223 -0.200000 0 0 0 1
1566300823.990843, 119.916009 40.038796 -0.200000 0 0 0 1
1566300824.099017, 120.938335 39.992210 -0.200000 0 0 0 1
1566300824.793809, 128.132631 39.518750 -0.100000 0 0 0 1
1566300824.891741, 129.167295 39.435401 -0.200000 0 0 0 1
1566300824.995661, 130.190622 39.351746 -0.200000 0 0 0 1
1566300825.093515, 131.213449 39.286627 -0.200000 0 0 0 1
1566300825.192975, 132.247112 39.240350 -0.100000 0 0 0 1
1566300825.292136, 133.269438 39.193766 -0.100000 0 0 0 1
1566300825.394662, 134.281429 39.109806 -0.100000 0 0 0 1
1566300825.493145, 135.293419 39.025846 -0.100000 0 0 0 1
1566300825.598451, 136.305410 38.941886 -0.100000 0 0 0 1
1566300825.691634, 137.317400 38.857926 -0.100000 0 0 0 1
1566300825.789287, 138.329391 38.773966 -0.100000 0 0 0 1
1566300825.888761, 139.342383 38.652936 -0.100000 0 0 0 1
1566300825.990269, 140.365711 38.569283 -0.100000 0 0 0 1
1566300826.098692, 141.355028 38.484711 -0.100000 0 0 0 1
1566300826.199242, 142.344345 38.400140 -0.100000 0 0 0 1
1566300826.296971, 143.333662 38.315569 -0.100000 0 0 0 1
1566300826.393574, 144.334817 38.212769 -0.100000 0 0 0 1
1566300826.477926, 145.312797 38.127892 -0.100000 0 0 0 1
1566300826.578927, 146.302114 38.043321 -0.100000 0 0 0 1
1566300826.698546, 147.268757 37.958139 -0.100000 0 0 0 1
1566300826.793287, 148.235401 37.872956 -0.100000 0 0 0 1
1566300826.888198, 149.202545 37.769238 -0.100000 0 0 0 1
1566300826.997276, 150.157852 37.683750 -0.100000 0 0 0 1
1566300827.095545, 151.113158 37.598261 -0.100000 0 0 0 1
1566300827.195216, 152.045791 37.512161 -0.100000 0 0 0 1
1566300827.293570, 152.989761 37.426367 -0.100000 0 0 0 1
1566300827.394516, 153.921893 37.358802 -0.100000 0 0 0 1
1566300827.491510, 154.842187 37.309467 -0.100000 0 0 0 1
1566300827.592960, 155.752146 37.222755 -0.100000 0 0 0 1
1566300827.689560, 156.661605 37.154578 -0.100000 0 0 0 1
1566300827.780126, 157.559726 37.086095 0.000000 0 0 0 1
1566300827.881809, 158.457347 37.036149 0.000000 0 0 0 1
1566300827.991326, 159.355468 36.967666 0.000000 0 0 0 1
1566300828.095283, 160.241752 36.917413 0.000000 0 0 0 1
1566300828.197000, 161.105863 36.848012 0.000000 0 0 0 1
1566300828.297013, 161.980810 36.797454 0.000000 0 0 0 1
1566300828.398933, 162.855256 36.765431 0.000000 0 0 0 1
1566300828.492461, 163.708030 36.695724 0.000000 0 0 0 1
1566300828.596073, 164.571640 36.644859 0.000000 0 0 0 1
1566300828.690322, 165.400739 36.611612 0.000000 0 0 0 1
1566300828.792363, 166.253012 36.560441 0.000000 0 0 0 1
1566300828.894767, 167.070774 36.526887 0.000000 0 0 0 1
1566300828.999674, 167.899872 36.493640 0.000000 0 0 0 1
1566300829.096553, 168.717634 36.460087 0.000000 0 0 0 1
1566300829.196401, 169.512722 36.425921 0.000000 0 0 0 1
1566300829.294074, 170.319146 36.392061 0.000000 0 0 0 1
1566300829.394740, 171.114735 36.339360 0.000000 0 0 0 1
1566300829.496733, 171.898486 36.304888 0.000000 0 0 0 1
1566300829.591039, 172.682237 36.270417 0.000000 0 0 0 1
1566300829.695336, 173.454150 36.254174 0.000000 0 0 0 1
1566300829.788854, 174.226564 36.219397 0.100000 0 0 0 1
1566300829.885917, 174.987641 36.184313 0.100000 0 0 0 1
1566300829.991612, 175.748719 36.149229 0.100000 0 0 0 1
1566300830.093631, 176.487122 36.113532 0.100000 0 0 0 1
1566300830.199910, 177.236361 36.096678 0.100000 0 0 0 1
1566300830.295156, 177.974765 36.060982 0.100000 0 0 0 1
1566300830.395163, 178.712166 36.062357 0.100000 0 0 0 1
1566300830.489195, 179.428397 36.007513 0.100000 0 0 0 1
1566300830.595024, 180.154962 35.990047 0.100000 0 0 0 1
1566300830.694128, 180.870191 35.972274 0.100000 0 0 0 1
1566300830.792507, 181.574083 35.954195 0.100000 0 0 0 1
1566300830.888247, 182.267639 35.898739 0.100000 0 0 0 1
1566300830.995747, 182.982868 35.880966 0.200000 0 0 0 1
1566300831.094108, 183.675423 35.862581 0.200000 0 0 0 1
1566300831.191517, 184.345804 35.825048 0.200000 0 0 0 1
1566300831.291022, 185.016186 35.787515 0.200000 0 0 0 1
1566300831.387722, 185.686067 35.768518 0.200000 0 0 0 1
1566300831.490076, 186.355447 35.768056 0.200000 0 0 0 1
1566300831.594669, 187.014492 35.730217 0.200000 0 0 0 1
1566300831.684804, 187.673036 35.710914 0.200000 0 0 0 1
1566300831.782966, 188.308907 35.690998 0.200000 0 0 0 1
1566300831.882302, 188.956114 35.671388 0.200000 0 0 0 1
1566300831.989961, 189.591984 35.651472 0.200000 0 0 0 1
1566300832.089841, 190.227854 35.631556 0.200000 0 0 0 1
1566300832.194560, 190.841051 35.611028 0.200000 0 0 0 1
1566300832.285360, 191.466085 35.572270 0.200000 0 0 0 1
1566300832.394473, 192.067443 35.569972 0.200000 0 0 0 1
1566300832.493053, 192.668802 35.567673 0.200000 0 0 0 1
1566300832.595677, 193.270661 35.546838 0.200000 0 0 0 1
1566300832.677916, 193.872521 35.526004 0.200000 0 0 0 1
1566300832.786984, 194.463043 35.504863 0.300000 0 0 0 1
1566300832.886643, 195.030892 35.483110 0.300000 0 0 0 1
1566300832.987700, 195.598741 35.461357 0.300000 0 0 0 1
1566300833.092567, 196.155253 35.439297 0.300000 0 0 0 1
1566300833.192609, 196.711263 35.435773 0.300000 0 0 0 1
1566300833.296454, 197.244600 35.431637 0.300000 0 0 0 1
1566300833.394693, 197.767101 35.408659 0.300000 0 0 0 1
1566300833.492923, 198.277765 35.403909 0.300000 0 0 0 1
1566300833.593631, 198.778093 35.361783 0.300000 0 0 0 1
1566300833.696995, 199.265581 35.374957 0.300000 0 0 0 1
1566300833.791800, 199.719559 35.368676 0.300000 0 0 0 1
1566300833.890672, 200.173538 35.362395 0.300000 0 0 0 1
1566300833.994864, 200.616179 35.355808 0.300000 0 0 0 1
1566300834.794681, 203.762021 35.236782 0.300000 0 0 0 1
1566300834.894528, 204.102130 35.245974 0.300000 0 0 0 1
1566300834.995240, 204.409229 35.217175 0.300000 0 0 0 1
1566300835.098703, 204.726663 35.225753 0.300000 0 0 0 1
1566300835.194212, 205.033261 35.215490 0.300000 0 0 0 1
1566300835.296229, 205.328523 35.204921 0.300000 0 0 0 1
1566300835.394142, 205.601110 35.193738 0.300000 0 0 0 1
1566300835.477423, 205.885035 35.182862 0.300000 0 0 0 1
1566300835.596890, 206.157622 35.171680 0.300000 0 0 0 1
1566300835.676318, 206.407035 35.178420 0.300000 0 0 0 1
1566300835.792588, 206.656948 35.166625 0.300000 0 0 0 1
1566300835.882103, 206.884188 35.154217 0.300000 0 0 0 1
1566300835.983767, 207.122264 35.160651 0.300000 0 0 0 1
1566300836.092876, 207.338167 35.147937 0.300000 0 0 0 1
1566300836.179420, 207.553568 35.153759 0.300000 0 0 0 1
1566300836.292721, 207.735460 35.140125 0.300000 0 0 0 1
1566300836.375737, 207.917352 35.126492 0.300000 0 0 0 1
1566300836.490422, 208.087406 35.131088 0.300000 0 0 0 1
1566300836.575161, 208.257461 35.135683 0.300000 0 0 0 1
1566300836.691249, 208.405342 35.121131 0.300000 0 0 0 1
1566300836.771877, 208.540884 35.143343 0.300000 0 0 0 1
1566300836.886062, 208.688765 35.128791 0.300000 0 0 0 1
1566300836.979188, 208.813972 35.113625 0.300000 0 0 0 1
1566300837.095333, 208.939180 35.098460 0.300000 0 0 0 1
1566300837.176661, 209.052549 35.101524 0.300000 0 0 0 1
1566300837.292141, 209.154582 35.104281 0.300000 0 0 0 1
1566300837.376910, 209.257115 35.088503 0.300000 0 0 0 1
1566300837.494093, 209.347310 35.109490 0.300000 0 0 0 1
1566300837.589958, 209.427169 35.093099 0.300000 0 0 0 1
1566300837.681818, 209.494690 35.113473 0.300000 0 0 0 1
1566300837.771859, 209.563212 35.096776 0.300000 0 0 0 1
1566300837.878925, 209.620398 35.079772 0.300000 0 0 0 1
1566300837.988068, 209.677083 35.081304 0.300000 0 0 0 1
1566300838.081468, 209.722430 35.082530 0.300000 0 0 0 1
1566300838.196052, 209.779115 35.084062 0.300000 0 0 0 1
1566300838.285757, 209.824463 35.085287 0.300000 0 0 0 1
1566300838.390523, 209.870312 35.067977 0.300000 0 0 0 1
1566300838.484016, 209.904322 35.068897 0.300000 0 0 0 1
1566300838.586716, 209.949670 35.070122 0.300000 0 0 0 1
1566300838.688359, 209.995018 35.071348 0.300000 0 0 0 1
1566300838.788088, 210.029029 35.072267 0.300000 0 0 0 1
1566300838.877031, 210.074377 35.073492 0.300000 0 0 0 1
1566300838.986902, 210.108387 35.074412 0.300000 0 0 0 1
1566300839.083301, 210.131562 35.056489 0.300000 0 0 0 1
1566300839.194046, 210.165573 35.057408 0.300000 0 0 0 1
1566300839.282573, 210.199083 35.076863 0.300000 0 0 0 1
1566300839.391970, 210.222258 35.058940 0.300000 0 0 0 1
1566300839.473497, 210.244932 35.059553 0.300000 0 0 0 1
1566300839.589973, 210.278942 35.060472 0.300000 0 0 0 1
1566300839.676546, 210.301616 35.061085 0.300000 0 0 0 1
1566300839.791477, 210.324290 35.061698 0.300000 0 0 0 1
1566300839.873960, 210.346964 35.062310 0.300000 0 0 0 1
1566300839.993834, 210.369638 35.062923 0.300000 0 0 0 1
1566300840.078696, 210.403649 35.063842 0.300000 0 0 0 1
1566300840.196239, 210.449497 35.046532 0.300000 0 0 0 1
1566300840.290862, 210.506182 35.048064 0.300000 0 0 0 1
1566300840.388639, 210.562867 35.049596 0.300000 0 0 0 1
1566300840.489879, 210.642225 35.051741 0.300000 0 0 0 1
1566300840.595922, 210.721584 35.053886 0.300000 0 0 0 1
1566300840.676876, 210.824117 35.038108 0.300000 0 0 0 1
1566300840.792190, 210.925649 35.059401 0.300000 0 0 0 1
1566300840.875506, 211.050856 35.044236 0.300000 0 0 0 1
1566300841.032927, 211.186899 35.047912 0.300000 0 0 0 1
1566300841.198648, 211.504835 35.037956 0.300000 0 0 0 1
1566300841.292993, 211.686727 35.024323 0.300000 0 0 0 1
1566300841.397855, 211.891293 35.011302 0.300000 0 0 0 1
1566300841.497256, 212.106694 35.017124 0.300000 0 0 0 1
1566300841.596905, 212.345271 35.005023 0.300000 0 0 0 1
1566300841.699684, 212.583347 35.011457 0.300000 0 0 0 1
1566300841.795582, 212.855934 35.000275 0.300000 0 0 0 1
1566300842.787902, 216.577456 34.989562 0.300000 0 0 0 1
1566300842.881038, 217.020098 34.982977 0.300000 0 0 0 1
1566300842.987567, 217.474077 34.976698 0.300000 0 0 0 1
1566300843.087076, 217.939392 34.970725 0.300000 0 0 0 1
1566300843.190551, 218.404207 34.983288 0.300000 0 0 0 1
1566300843.294129, 218.881360 34.959086 0.300000 0 0 0 1
1566300843.395779, 219.358013 34.953420 0.300000 0 0 0 1
1566300843.491196, 219.811991 34.947141 0.300000 0 0 0 1
1566300843.593590, 220.277307 34.941168 0.300000 0 0 0 1
1566300843.696806, 220.731786 34.916354 0.300000 0 0 0 1
1566300843.780139, 221.185264 34.928611 0.300000 0 0 0 1
1566300843.891978, 221.650078 34.941174 0.300000 0 0 0 1
1566300843.990347, 222.104558 34.916360 0.400000 0 0 0 1
1566300844.094921, 222.581211 34.910694 0.400000 0 0 0 1
1566300844.196323, 223.057863 34.905028 0.400000 0 0 0 1
1566300844.297385, 223.545852 34.899669 0.400000 0 0 0 1
1566300844.395065, 224.033842 34.894309 0.400000 0 0 0 1
1566300844.494558, 224.544505 34.889563 0.400000 0 0 0 1
1566300844.593644, 225.055670 34.866281 0.400000 0 0 0 1
1566300844.691496, 225.588506 34.880683 0.400000 0 0 0 1
1566300844.795113, 226.122344 34.858014 0.400000 0 0 0 1
1566300844.885366, 226.667018 34.854188 0.400000 0 0 0 1
1566300844.996816, 227.223029 34.850667 0.400000 0 0 0 1
1566300845.099818, 227.790377 34.847453 0.400000 0 0 0 1
1566300845.196282, 228.369062 34.844546 0.400000 0 0 0 1
1566300845.294652, 228.970421 34.842252 0.400000 0 0 0 1
1566300845.391052, 229.560443 34.839651 0.400000 0 0 0 1
1566300845.493529, 230.161802 34.837357 0.400000 0 0 0 1
1566300845.592524, 230.774498 34.835369 0.400000 0 0 0 1
1566300845.695355, 231.398531 34.833688 0.400000 0 0 0 1
1566300845.776728, 232.011226 34.831700 0.400000 0 0 0 1
1566300845.889853, 232.646596 34.830325 0.400000 0 0 0 1
1566300845.983014, 233.281966 34.828951 0.400000 0 0 0 1
1566300846.092220, 233.929174 34.809347 0.400000 0 0 0 1
1566300846.194526, 234.564042 34.826509 0.400000 0 0 0 1
1566300846.291552, 235.210749 34.825441 0.500000 0 0 0 1
1566300846.394631, 235.857456 34.824373 0.500000 0 0 0 1
1566300846.489260, 236.504162 34.823305 0.500000 0 0 0 1
1566300846.591560, 237.139532 34.821931 0.500000 0 0 0 1
1566300846.690462, 237.797075 34.839706 0.500000 0 0 0 1
1566300846.785844, 238.433447 34.801261 0.500000 0 0 0 1
1566300846.880955, 239.068816 34.799887 0.500000 0 0 0 1
1566300846.985736, 239.716024 34.780284 0.500000 0 0 0 1
1566300847.090657, 240.352396 34.741839 0.500000 0 0 0 1
1566300847.190118, 240.966094 34.702781 0.500000 0 0 0 1
1566300847.293710, 241.591630 34.645494 0.500000 0 0 0 1
1566300847.393402, 242.206330 34.569365 0.500000 0 0 0 1
1566300847.492399, 242.810195 34.474394 0.500000 0 0 0 1
1566300847.587959, 243.403223 34.360581 0.500000 0 0 0 1
1566300847.694533, 243.985416 34.227926 0.500000 0 0 0 1
1566300847.790666, 244.568110 34.076735 0.500000 0 0 0 1
1566300847.876016, 245.139968 33.906702 0.600000 0 0 0 1
1566300847.979378, 245.700990 33.717827 0.600000 0 0 0 1
1566300848.078105, 246.240841 33.472733 0.600000 0 0 0 1
1566300848.790681, 249.673558 31.135586 0.600000 0 0 0 1
1566300848.888906, 250.116389 30.702376 0.600000 0 0 0 1
1566300848.996663, 250.547882 30.268860 0.600000 0 0 0 1
1566300849.097007, 250.969542 29.779431 0.600000 0 0 0 1
1566300849.195933, 251.369030 29.270853 0.700000 0 0 0 1
1566300849.292838, 251.746344 28.743126 0.700000 0 0 0 1
1566300849.388151, 252.112823 28.196558 0.700000 0 0 0 1
1566300849.491017, 252.446795 27.593463 0.700000 0 0 0 1
1566300849.593040, 252.769429 26.990061 0.700000 0 0 0 1
1566300849.685448, 253.093066 26.349588 0.700000 0 0 0 1
1566300849.780780, 253.394029 25.708502 0.700000 0 0 0 1
1566300849.880925, 253.673320 25.029732 0.700000 0 0 0 1
1566300849.987184, 253.929938 24.350348 0.700000 0 0 0 1
1566300850.087589, 254.175720 23.652123 0.700000 0 0 0 1
1566300850.190810, 254.422002 22.935362 0.700000 0 0 0 1
1566300850.286688, 254.668787 22.200065 0.700000 0 0 0 1
1566300850.391638, 254.893398 21.445620 0.700000 0 0 0 1
1566300850.492528, 255.141184 20.673252 0.700000 0 0 0 1
1566300850.592105, 255.378135 19.882042 0.800000 0 0 0 1
1566300850.695327, 255.615587 19.072296 0.800000 0 0 0 1
1566300850.787519, 255.853039 18.262550 0.800000 0 0 0 1
1566300850.890427, 256.102329 17.434575 0.800000 0 0 0 1
1566300850.995422, 256.329446 16.587452 0.800000 0 0 0 1
1566300851.096597, 256.579739 15.722405 0.800000 0 0 0 1
1566300851.193226, 256.830031 14.857359 0.800000 0 0 0 1
1566300851.293919, 257.058652 13.954629 0.800000 0 0 0 1
1566300851.395588, 257.298109 13.070740 0.800000 0 0 0 1
1566300851.494059, 257.527231 12.149474 0.900000 0 0 0 1
1566300851.591573, 257.755852 11.246743 0.900000 0 0 0 1
1566300851.693535, 257.995810 10.344319 0.900000 0 0 0 1
1566300851.793797, 258.213596 9.422747 0.900000 0 0 0 1
1566300851.889721, 258.431381 8.501174 0.900000 0 0 0 1
1566300851.993712, 258.637329 7.597830 0.900000 0 0 0 1
1566300852.088660, 258.864948 6.732171 0.900000 0 0 0 1
1566300852.191867, 259.060060 5.809986 0.900000 0 0 0 1
1566300852.291405, 259.265506 4.925178 0.900000 0 0 0 1
1566300852.393362, 259.471955 4.003299 0.900000 0 0 0 1
1566300852.491116, 259.655730 3.080806 1.000000 0 0 0 1
1566300852.592607, 259.840006 2.139779 1.000000 0 0 0 1
1566300852.693752, 260.035619 1.199057 1.000000 0 0 0 1
1566300852.796085, 260.220396 0.239494 1.000000 0 0 0 1
1566300852.886510, 260.393836 -0.720376 1.000000 0 0 0 1
1566300852.988148, 260.589951 -1.679633 1.000000 0 0 0 1
1566300853.095757, 260.775230 -2.657732 1.000000 0 0 0 1
1566300853.194530, 260.950173 -3.673209 1.000000 0 0 0 1
1566300853.295855, 261.113780 -4.688993 1.000000 0 0 0 1
1566300853.394678, 261.288724 -5.704470 1.000000 0 0 0 1
1566300853.493904, 261.464170 -6.738482 1.000000 0 0 0 1
1566300853.593595, 261.605604 -7.773414 1.000000 0 0 0 1
1566300853.691730, 261.770213 -8.826269 1.000000 0 0 0 1
1566300853.786185, 261.935324 -9.897659 1.100000 0 0 0 1
1566300853.883105, 262.077259 -10.951127 1.100000 0 0 0 1
1566300853.991407, 262.231534 -12.041360 1.100000 0 0 0 1
1566300854.098169, 262.363135 -13.132205 1.100000 0 0 0 1
1566300854.194884, 262.506574 -14.241280 1.100000 0 0 0 1
1566300854.293963, 262.638676 -15.350662 1.100000 0 0 0 1
1566300854.393966, 262.760443 -16.497421 1.100000 0 0 0 1
1566300854.494291, 262.882210 -17.644180 1.200000 0 0 0 1
1566300854.590186, 262.980802 -18.773016 1.200000 0 0 0 1
1566300854.692100, 263.080397 -19.938924 1.200000 0 0 0 1
1566300854.778387, 263.168654 -21.105138 1.200000 0 0 0 1
1566300854.881460, 263.256911 -22.271353 1.200000 0 0 0 1
1566300854.987398, 263.333832 -23.437873 1.200000 0 0 0 1
1566300855.096185, 263.399916 -24.623236 1.200000 0 0 0 1
1566300855.198715, 263.467003 -25.845671 1.200000 0 0 0 1
1566300855.294986, 263.533588 -27.049569 1.200000 0 0 0 1
1566300855.395888, 263.589338 -28.272310 1.200000 0 0 0 1
1566300855.495168, 263.645087 -29.495051 1.200000 0 0 0 1
1566300855.594329, 263.690001 -30.736634 1.200000 0 0 0 1
1566300855.674725, 263.723578 -31.978524 1.200000 0 0 0 1
1566300855.792442, 263.745817 -33.220720 1.200000 0 0 0 1
1566300855.892127, 263.779394 -34.462609 1.300000 0 0 0 1
1566300855.998845, 263.802134 -35.723341 1.300000 0 0 0 1
1566300856.092973, 263.801699 -36.966150 1.300000 0 0 0 1
1566300856.193583, 263.813604 -38.245724 1.300000 0 0 0 1
1566300856.295952, 263.802333 -39.507375 1.300000 0 0 0 1
1566300856.394727, 263.791062 -40.769027 1.300000 0 0 0 1
1566300856.492479, 263.791630 -42.048907 1.300000 0 0 0 1
1566300856.588199, 263.769022 -43.310865 1.300000 0 0 0 1
1566300856.693816, 263.735578 -44.591665 1.300000 0 0 0 1
1566300856.791983, 263.702134 -45.872465 1.300000 0 0 0 1
1566300856.892120, 263.668188 -47.134729 1.400000 0 0 0 1
1566300856.997749, 263.612571 -48.434678 1.400000 0 0 0 1
1566300857.078109, 263.567289 -49.697248 1.400000 0 0 0 1
1566300857.197953, 263.499833 -50.978968 1.400000 0 0 0 1
1566300857.293609, 263.432377 -52.260687 1.400000 0 0 0 1
1566300857.394054, 263.353584 -53.542713 1.400000 0 0 0 1
1566300857.489427, 263.274791 -54.824739 1.400000 0 0 0 1
1566300857.593750, 263.195497 -56.088230 1.400000 0 0 0 1
1566300857.695686, 263.105367 -57.370562 1.400000 0 0 0 1
1566300857.798652, 263.003398 -58.634665 1.500000 0 0 0 1
1566300857.885680, 262.891095 -59.936147 1.500000 0 0 0 1
1566300857.993080, 262.789627 -61.218786 1.500000 0 0 0 1
1566300858.094379, 262.664984 -62.483502 1.500000 0 0 0 1
1566300858.194318, 262.529505 -63.767060 1.500000 0 0 0 1
1566300858.291169, 262.393023 -65.013548 1.500000 0 0 0 1
1566300858.388262, 262.234869 -66.297719 1.500000 0 0 0 1
1566300858.489889, 262.088052 -67.581584 1.600000 0 0 0 1
1566300858.589567, 261.929898 -68.865756 1.600000 0 0 0 1
1566300858.691936, 261.759906 -70.131698 1.600000 0 0 0 1
1566300858.786893, 261.590915 -71.434712 1.600000 0 0 0 1
1566300858.888168, 261.410087 -72.719496 1.600000 0 0 0 1
1566300858.995525, 261.206583 -74.004894 1.600000 0 0 0 1
1566300859.096946, 261.014417 -75.289985 1.700000 0 0 0 1
1566300859.194424, 260.799576 -76.575689 1.700000 0 0 0 1
1566300859.285281, 260.585237 -77.879928 1.700000 0 0 0 1
1566300859.393629, 260.359059 -79.165939 1.700000 0 0 0 1
1566300859.493694, 260.133381 -80.470485 1.700000 0 0 0 1
1566300859.593695, 259.895866 -81.756802 1.700000 0 0 0 1
1566300859.694707, 259.670188 -83.061348 1.700000 0 0 0 1
1566300859.790344, 259.410499 -84.366814 1.700000 0 0 0 1
1566300859.891549, 259.184821 -85.671360 1.800000 0 0 0 1
1566300859.994416, 258.902457 -86.977438 1.800000 0 0 0 1
1566300860.100507, 258.665943 -88.300827 1.800000 0 0 0 1
1566300860.187606, 258.406754 -89.624828 1.800000 0 0 0 1
1566300860.291395, 258.113052 -90.931213 1.800000 0 0 0 1
1566300860.389722, 257.853362 -92.236678 1.800000 0 0 0 1
1566300860.490671, 257.570997 -93.542757 1.800000 0 0 0 1
1566300860.590292, 257.276794 -94.830606 1.800000 0 0 0 1
1566300860.684693, 256.994428 -96.136685 1.900000 0 0 0 1
1566300860.779544, 256.699723 -97.405998 1.900000 0 0 0 1
1566300860.879765, 256.382845 -98.694460 1.900000 0 0 0 1
1566300860.985584, 256.077805 -100.001152 1.900000 0 0 0 1
1566300861.081614, 255.772263 -101.289307 1.900000 0 0 0 1
1566300861.190216, 255.432710 -102.578383 1.900000 0 0 0 1
1566300861.290340, 255.116331 -103.885380 1.900000 0 0 0 1
1566300861.391139, 254.776777 -105.174456 1.900000 0 0 0 1
1566300861.485453, 254.449062 -106.481760 1.900000 0 0 0 1
1566300861.588770, 254.087334 -107.789983 1.900000 0 0 0 1
1566300861.686696, 253.736442 -109.079365 1.900000 0 0 0 1
1566300861.780446, 253.375215 -110.406124 1.900000 0 0 0 1
1566300861.877468, 253.013487 -111.714348 1.900000 0 0 0 1
1566300861.979298, 252.617245 -113.004955 2.000000 0 0 0 1
1566300862.091249, 252.244179 -114.313485 2.000000 0 0 0 1
1566300862.193968, 251.859775 -115.622322 2.000000 0 0 0 1
1566300862.292373, 251.452196 -116.913235 2.000000 0 0 0 1
1566300862.392230, 251.056454 -118.222378 2.000000 0 0 0 1
1566300862.488502, 250.638038 -119.532134 2.000000 0 0 0 1
1566300862.591144, 250.219622 -120.841890 2.000000 0 0 0 1
1566300862.689323, 249.812041 -122.132803 2.000000 0 0 0 1
1566300862.770063, 249.370950 -123.443172 2.000000 0 0 0 1
1566300862.865399, 248.941195 -124.753234 2.000000 0 0 0 1
1566300862.983270, 248.500103 -126.063603 2.000000 0 0 0 1
1566300863.093683, 248.035835 -127.356048 2.000000 0 0 0 1
1566300863.189570, 247.583405 -128.666723 2.000000 0 0 0 1
1566300863.287808, 247.130975 -129.977398 2.000000 0 0 0 1
1566300863.388238, 246.666706 -131.269844 2.000000 0 0 0 1
1566300863.484519, 246.191601 -132.581132 2.100000 0 0 0 1
1566300863.585680, 245.715994 -133.873884 2.100000 0 0 0 1
1566300863.690626, 245.217712 -135.167249 2.100000 0 0 0 1
1566300863.779127, 244.731269 -136.478843 2.100000 0 0 0 1
1566300863.879523, 244.221649 -137.772514 2.100000 0 0 0 1
1566300863.987647, 243.700191 -139.047956 2.100000 0 0 0 1
1566300864.090414, 243.191072 -140.360163 2.100000 0 0 0 1
1566300864.186135, 242.682453 -141.690905 2.100000 0 0 0 1
1566300864.277122, 242.160994 -142.966347 2.100000 0 0 0 1
1566300864.391504, 241.640537 -144.278860 2.100000 0 0 0 1
1566300864.490299, 241.120079 -145.591373 2.100000 0 0 0 1
1566300864.589787, 240.575945 -146.867428 2.200000 0 0 0 1
1566300864.669613, 240.044149 -148.180247 2.200000 0 0 0 1
1566300864.788098, 239.511852 -149.474531 2.200000 0 0 0 1
1566300864.870915, 238.968218 -150.769121 2.200000 0 0 0 1
1566300864.992580, 238.413245 -152.064017 2.200000 0 0 0 1
1566300865.074226, 237.870111 -153.377143 2.200000 0 0 0 1
1566300865.189427, 237.337312 -154.652890 2.200000 0 0 0 1
1566300865.289198, 236.771502 -155.966629 2.200000 0 0 0 1
1566300865.378796, 236.227866 -157.261218 2.200000 0 0 0 1
1566300865.486823, 235.684230 -158.555808 2.200000 0 0 0 1
1566300865.588923, 235.163769 -159.868320 2.200000 0 0 0 1
1566300865.672761, 234.620132 -161.162910 2.300000 0 0 0 1
1566300865.789784, 234.076996 -162.476035 2.300000 0 0 0 1
1566300865.886269, 233.545196 -163.788854 2.300000 0 0 0 1
1566300865.985970, 233.001558 -165.083443 2.300000 0 0 0 1
1566300866.087934, 232.469758 -166.396261 2.300000 0 0 0 1
1566300866.181050, 231.949296 -167.708773 2.300000 0 0 0 1
1566300866.287656, 231.416994 -169.003056 2.300000 0 0 0 1
1566300866.374530, 230.896531 -170.315568 2.300000 0 0 0 1
1566300866.482099, 230.364730 -171.628386 2.300000 0 0 0 1
1566300866.575100, 229.832427 -172.922668 2.300000 0 0 0 1
1566300866.684939, 229.323300 -174.234874 2.300000 0 0 0 1
1566300866.765963, 228.802836 -175.547385 2.300000 0 0 0 1
1566300866.874536, 228.282371 -176.859897 2.300000 0 0 0 1
1566300866.972024, 227.761405 -178.153872 2.400000 0 0 0 1
1566300867.084722, 227.240939 -179.466384 2.400000 0 0 0 1
1566300867.169895, 226.731811 -180.778589 2.400000 0 0 0 1
1566300867.285596, 226.210844 -182.072564 2.400000 0 0 0 1
1566300867.366857, 225.701715 -183.384769 2.400000 0 0 0 1
1566300867.481853, 225.180748 -184.678745 2.400000 0 0 0 1
1566300867.572506, 224.671618 -185.990949 2.400000 0 0 0 1
1566300867.694427, 224.162488 -187.303154 2.400000 0 0 0 1
1566300867.786919, 223.663694 -188.577981 2.400000 0 0 0 1
1566300867.884399, 223.154563 -189.890185 2.400000 0 0 0 1
1566300867.984057, 222.644932 -191.183854 2.400000 0 0 0 1
1566300868.097988, 222.147138 -192.495752 2.400000 0 0 0 1
1566300868.189327, 221.637005 -193.770885 2.500000 0 0 0 1
1566300868.292915, 221.116035 -195.064860 2.500000 0 0 0 1
1566300868.386381, 220.606402 -196.358528 2.500000 0 0 0 1
1566300868.478872, 220.108107 -197.651890 2.500000 0 0 0 1
1566300868.585849, 219.575297 -198.927636 2.500000 0 0 0 1
1566300868.676722, 219.053825 -200.203075 2.500000 0 0 0 1
1566300868.785473, 218.544191 -201.496743 2.500000 0 0 0 1
1566300868.877106, 218.034056 -202.771876 2.500000 0 0 0 1
1566300868.992485, 217.512583 -204.047315 2.500000 0 0 0 1
1566300869.079760, 216.968435 -205.323366 2.500000 0 0 0 1
1566300869.185818, 216.446961 -206.598805 2.600000 0 0 0 1
1566300869.277232, 215.913649 -207.856015 2.600000 0 0 0 1
1566300869.387447, 215.380837 -209.131760 2.600000 0 0 0 1
1566300869.478425, 214.858862 -210.388663 2.600000 0 0 0 1
1566300869.587687, 214.326050 -211.664408 2.600000 0 0 0 1
1566300869.673203, 213.815912 -212.939540 2.600000 0 0 0 1
1566300869.783810, 213.305274 -214.196136 2.600000 0 0 0 1
1566300869.869149, 212.761123 -215.472187 2.700000 0 0 0 1
1566300869.989211, 212.227809 -216.729396 2.700000 0 0 0 1
1566300870.070890, 211.717169 -217.985992 2.700000 0 0 0 1
1566300870.195223, 211.184355 -219.261737 2.700000 0 0 0 1
1566300870.274112, 210.651040 -220.518946 2.700000 0 0 0 1
1566300870.387106, 210.129062 -221.775848 2.700000 0 0 0 1
1566300870.471577, 209.607585 -223.051286 2.700000 0 0 0 1
1566300870.585385, 209.085606 -224.308188 2.700000 0 0 0 1
1566300870.671991, 208.574464 -225.546248 2.800000 0 0 0 1
1566300870.786728, 208.029810 -226.803763 2.800000 0 0 0 1
1566300870.869537, 207.519168 -228.060359 2.800000 0 0 0 1
1566300870.986956, 206.985851 -229.317567 2.800000 0 0 0 1
1566300871.072608, 206.463871 -230.574469 2.800000 0 0 0 1
1566300871.191225, 205.953228 -231.831065 2.800000 0 0 0 1
1566300871.289921, 205.431248 -233.087967 2.800000 0 0 0 1
1566300871.389096, 204.920104 -234.326026 2.800000 0 0 0 1
1566300871.488729, 204.409460 -235.582622 2.800000 0 0 0 1
1566300871.585026, 203.898315 -236.820681 2.900000 0 0 0 1
1566300871.669441, 203.364996 -238.077889 2.900000 0 0 0 1
1566300871.778663, 202.843014 -239.334791 2.900000 0 0 0 1
1566300871.872642, 202.343206 -240.572544 2.900000 0 0 0 1
1566300871.980302, 201.843899 -241.828832 2.900000 0 0 0 1
1566300872.084348, 201.332753 -243.066892 2.900000 0 0 0 1
1566300872.181113, 200.810770 -244.323793 2.900000 0 0 0 1
1566300872.284412, 200.288286 -245.562158 2.900000 0 0 0 1
1566300872.384602, 199.788977 -246.818447 2.900000 0 0 0 1
1566300872.485084, 199.277830 -248.056506 2.900000 0 0 0 1
1566300872.581990, 198.755846 -249.313407 2.900000 0 0 0 1
1566300872.678575, 198.245199 -250.570001 3.000000 0 0 0 1
1566300872.760350, 197.734552 -251.826596 3.000000 0 0 0 1
1566300872.862881, 197.213067 -253.102033 3.000000 0 0 0 1
1566300872.982151, 196.702420 -254.358627 3.000000 0 0 0 1
1566300873.082168, 196.191772 -255.615221 3.000000 0 0 0 1
1566300873.186123, 195.670287 -256.890658 3.000000 0 0 0 1
1566300873.286777, 195.160139 -258.165788 3.000000 0 0 0 1
1566300873.389295, 194.661328 -259.440611 3.000000 0 0 0 1
1566300873.485653, 194.139342 -260.697511 3.100000 0 0 0 1
1566300873.589042, 193.629193 -261.972641 3.100000 0 0 0 1
1566300873.674418, 193.119044 -263.247771 3.100000 0 0 0 1
1566300873.777778, 192.598058 -264.541742 3.100000 0 0 0 1
1566300873.880105, 192.076070 -265.798643 3.100000 0 0 0 1
1566300873.985592, 191.554583 -267.074079 3.100000 0 0 0 1
1566300874.093646, 191.044433 -268.349208 3.100000 0 0 0 1
1566300874.188928, 190.523446 -269.643179 3.100000 0 0 0 1
1566300874.292624, 189.990620 -270.918921 3.100000 0 0 0 1
1566300874.386447, 189.480970 -272.212586 3.100000 0 0 0 1
1566300874.488017, 188.971319 -273.506251 3.100000 0 0 0 1
1566300874.583213, 188.461168 -274.781380 3.100000 0 0 0 1
1566300874.686798, 187.940179 -276.075351 3.200000 0 0 0 1
1566300874.787189, 187.408354 -277.388164 3.200000 0 0 0 1
1566300874.888048, 186.898702 -278.681829 3.200000 0 0 0 1
1566300874.993886, 186.377713 -279.975800 3.200000 0 0 0 1
1566300875.092049, 185.868561 -281.288000 3.200000 0 0 0 1
1566300875.193757, 185.359410 -282.600200 3.200000 0 0 0 1
1566300875.288208, 184.849757 -283.893864 3.200000 0 0 0 1
1566300875.387395, 184.329267 -285.206371 3.200000 0 0 0 1
1566300875.483093, 183.819614 -286.500035 3.200000 0 0 0 1
1566300875.587623, 183.299123 -287.812541 3.200000 0 0 0 1
1566300875.688537, 182.789970 -289.124741 3.200000 0 0 0 1
1566300875.785684, 182.281318 -290.455476 3.300000 0 0 0 1
1566300875.886268, 181.772164 -291.767676 3.300000 0 0 0 1
1566300875.990909, 181.251172 -293.061646 3.300000 0 0 0 1
1566300876.086859, 180.742518 -294.392381 3.300000 0 0 0 1
1566300876.187778, 180.233364 -295.704581 3.300000 0 0 0 1
1566300876.289978, 179.712871 -297.017087 3.300000 0 0 0 1
1566300876.382700, 179.204217 -298.347822 3.400000 0 0 0 1
1566300876.487820, 178.683724 -299.660327 3.400000 0 0 0 1
1566300876.587379, 178.151893 -300.973139 3.400000 0 0 0 1
1566300876.689794, 177.642737 -302.285338 3.400000 0 0 0 1
1566300876.785432, 177.122243 -303.597844 3.400000 0 0 0 1
1566300876.885966, 176.613086 -304.910043 3.400000 0 0 0 1
1566300876.993839, 176.080753 -306.204319 3.400000 0 0 0 1
1566300877.093524, 175.560258 -307.516824 3.400000 0 0 0 1
1566300877.190047, 175.039763 -308.829329 3.500000 0 0 0 1
1566300877.284401, 174.518766 -310.123299 3.500000 0 0 0 1
1566300877.387979, 173.986933 -311.436110 3.500000 0 0 0 1
1566300877.487533, 173.465936 -312.730079 3.500000 0 0 0 1
1566300877.589757, 172.933601 -314.024355 3.500000 0 0 0 1
1566300877.683662, 172.424442 -315.336554 3.500000 0 0 0 1
1566300877.784635, 171.903444 -316.630523 3.500000 0 0 0 1
1566300877.886810, 171.393784 -317.924186 3.500000 0 0 0 1
1566300877.988002, 170.872285 -319.199619 3.600000 0 0 0 1
1566300878.093204, 170.362624 -320.493282 3.600000 0 0 0 1
1566300878.186007, 169.841625 -321.787251 3.600000 0 0 0 1
1566300878.288063, 169.342801 -323.062071 3.600000 0 0 0 1
1566300878.390029, 168.821300 -324.337504 3.600000 0 0 0 1
1566300878.489399, 168.321975 -325.593789 3.600000 0 0 0 1
1566300878.590278, 167.811811 -326.868916 3.600000 0 0 0 1
1566300878.687847, 167.301648 -328.144042 3.700000 0 0 0 1
1566300878.790517, 166.790483 -329.382098 3.700000 0 0 0 1
1566300878.886049, 166.268481 -330.638995 3.700000 0 0 0 1
1566300878.993124, 165.757816 -331.895586 3.700000 0 0 0 1
1566300879.084353, 165.258488 -333.151870 3.700000 0 0 0 1
1566300879.190625, 164.736485 -334.408767 3.800000 0 0 0 1
1566300879.289619, 164.202142 -335.628899 3.800000 0 0 0 1
1566300879.390977, 163.691476 -336.885490 3.800000 0 0 0 1
1566300879.489880, 163.157633 -338.124157 3.800000 0 0 0 1
1566300879.590416, 162.657804 -339.361906 3.800000 0 0 0 1
1566300879.693838, 162.112122 -340.582344 3.800000 0 0 0 1
1566300879.788384, 161.589617 -341.820704 3.900000 0 0 0 1
1566300879.885714, 161.066109 -343.021994 3.900000 0 0 0 1
1566300879.986270, 160.543102 -344.241819 3.900000 0 0 0 1
1566300880.091987, 160.008256 -345.443415 3.900000 0 0 0 1
1566300880.192150, 159.473410 -346.645011 3.900000 0 0 0 1
1566300880.293538, 158.961240 -347.845994 4.000000 0 0 0 1
1566300880.390047, 158.426393 -349.047589 4.000000 0 0 0 1
1566300880.492350, 157.901883 -350.211807 4.000000 0 0 0 1
1566300880.592046, 157.366535 -351.394867 4.000000 0 0 0 1
1566300880.685092, 156.853362 -352.558778 4.000000 0 0 0 1
1566300880.782044, 156.318013 -353.741838 4.000000 0 0 0 1
1566300880.877997, 155.782164 -354.906362 4.100000 0 0 0 1
1566300880.985608, 155.234476 -356.052656 4.100000 0 0 0 1
1566300881.093980, 154.709463 -357.198338 4.100000 0 0 0 1
1566300881.188282, 154.173613 -358.362862 4.100000 0 0 0 1
1566300881.287687, 153.637262 -359.508850 4.200000 0 0 0 1
1566300881.389241, 153.089072 -360.636608 4.200000 0 0 0 1
1566300881.488773, 152.552220 -361.764060 4.200000 0 0 0 1
1566300881.588353, 152.004030 -362.891819 4.200000 0 0 0 1
1566300881.678084, 151.489352 -364.000122 4.200000 0 0 0 1
1566300881.785981, 150.950997 -365.071967 4.300000 0 0 0 1
1566300881.878854, 150.424981 -366.180577 4.300000 0 0 0 1
1566300881.986721, 149.887126 -367.270958 4.300000 0 0 0 1
1566300882.095786, 149.349271 -368.361338 4.300000 0 0 0 1
1566300882.197868, 148.833590 -369.432571 4.300000 0 0 0 1
1566300882.292297, 148.295234 -370.504415 4.300000 0 0 0 1
1566300882.395536, 147.779553 -371.575647 4.400000 0 0 0 1
1566300882.492788, 147.240696 -372.628956 4.400000 0 0 0 1
1566300882.577844, 146.725015 -373.700188 4.400000 0 0 0 1
1566300882.692565, 146.220170 -374.752578 4.400000 0 0 0 1
1566300882.792105, 145.703988 -375.805275 4.400000 0 0 0 1
1566300882.899718, 145.187305 -376.839435 4.500000 0 0 0 1
1566300882.988204, 144.681959 -377.873289 4.500000 0 0 0 1
1566300883.098381, 144.176613 -378.907144 4.500000 0 0 0 1
1566300883.198272, 143.682105 -379.922156 4.500000 0 0 0 1
1566300883.299974, 143.198933 -380.936862 4.500000 0 0 0 1
1566300883.379362, 142.715262 -381.933032 4.500000 0 0 0 1
1566300883.487235, 142.242427 -382.910360 4.600000 0 0 0 1
1566300883.590749, 141.779928 -383.850311 4.600000 0 0 0 1
1566300883.682114, 141.318431 -384.827333 4.600000 0 0 0 1
1566300883.787209, 140.888945 -385.729293 4.600000 0 0 0 1
1566300883.875448, 140.459458 -386.631254 4.600000 0 0 0 1
1566300883.991680, 140.052147 -387.514066 4.600000 0 0 0 1
1566300884.081638, 139.644334 -388.378343 4.700000 0 0 0 1
1566300884.787339, 137.050741 -394.013146 4.700000 0 0 0 1
1566300884.892653, 136.707451 -394.745835 4.800000 0 0 0 1
1566300884.989391, 136.374999 -395.459683 4.800000 0 0 0 1
1566300885.099177, 136.041544 -396.136459 4.800000 0 0 0 1
1566300885.190633, 135.696252 -396.795006 4.800000 0 0 0 1
1566300885.297293, 135.373635 -397.452940 4.800000 0 0 0 1
1566300885.382666, 135.039179 -398.092645 4.800000 0 0 0 1
1566300885.497128, 134.703722 -398.695279 4.800000 0 0 0 1
1566300885.589047, 134.379603 -399.297606 4.900000 0 0 0 1
1566300885.696331, 134.043145 -399.863168 4.900000 0 0 0 1
1566300885.785671, 133.694848 -400.410501 4.900000 0 0 0 1
1566300885.894879, 133.356888 -400.920456 4.900000 0 0 0 1
1566300885.988957, 132.995751 -401.412488 4.900000 0 0 0 1
1566300886.082815, 132.634114 -401.885984 4.900000 0 0 0 1
1566300886.191974, 132.249300 -402.341557 4.900000 0 0 0 1
1566300886.301351, 131.885660 -402.740911 4.900000 0 0 0 1
1566300886.385480, 131.488006 -403.141183 4.900000 0 0 0 1
1566300886.499916, 131.101190 -403.522613 5.000000 0 0 0 1
1566300886.588463, 130.678857 -403.849355 5.000000 0 0 0 1
1566300886.704224, 130.278701 -404.156948 5.000000 0 0 0 1
1566300886.804056, 129.844029 -404.446925 5.000000 0 0 0 1
1566300886.897874, 129.420696 -404.736595 5.000000 0 0 0 1
1566300886.987533, 128.996361 -404.989194 5.000000 0 0 0 1
1566300887.096766, 128.548349 -405.205334 5.000000 0 0 0 1
1566300887.181090, 128.099837 -405.402939 5.000000 0 0 0 1
1566300887.304502, 127.639486 -405.582313 5.100000 0 0 0 1
1566300887.384721, 127.178134 -405.724617 5.100000 0 0 0 1
1566300887.503706, 126.716281 -405.848384 5.100000 0 0 0 1
1566300887.599614, 126.231252 -405.954229 5.100000 0 0 0 1
1566300887.703856, 125.768398 -406.040925 5.100000 0 0 0 1
1566300887.798694, 125.293706 -406.109392 5.100000 0 0 0 1
1566300887.904078, 124.829851 -406.159017 5.100000 0 0 0 1
1566300888.002297, 124.354157 -406.190412 5.200000 0 0 0 1
1566300888.105441, 123.877963 -406.203272 5.200000 0 0 0 1
1566300888.202592, 123.400768 -406.179060 5.200000 0 0 0 1
1566300888.295354, 122.934911 -406.154542 5.200000 0 0 0 1
1566300888.402802, 122.445377 -406.093565 5.200000 0 0 0 1
1566300888.490809, 121.954842 -405.995517 5.200000 0 0 0 1
1566300888.600500, 121.476645 -405.934233 5.200000 0 0 0 1
1566300888.694124, 120.985610 -405.817649 5.200000 0 0 0 1
1566300888.799626, 120.482735 -405.682836 5.200000 0 0 0 1
1566300888.889937, 119.979361 -405.529486 5.200000 0 0 0 1
1566300888.999777, 119.486823 -405.357295 5.200000 0 0 0 1
1566300889.094130, 118.982447 -405.166874 5.100000 0 0 0 1
1566300889.204695, 118.466233 -404.958224 5.100000 0 0 0 1
1566300889.304337, 117.938181 -404.731344 5.100000 0 0 0 1
1566300889.403397, 117.420965 -404.485622 5.100000 0 0 0 1
1566300889.504770, 116.891912 -404.221671 5.100000 0 0 0 1
1566300889.604283, 116.351020 -403.939490 5.100000 0 0 0 1
1566300889.697748, 115.820965 -403.638467 5.100000 0 0 0 1
1566300889.793881, 115.268235 -403.338057 5.100000 0 0 0 1
1566300889.889848, 114.715004 -403.019111 5.100000 0 0 0 1
1566300890.000976, 114.150435 -402.700470 5.100000 0 0 0 1
1566300890.108735, 113.562190 -402.345371 5.100000 0 0 0 1
1566300890.214773, 112.985282 -401.989966 5.100000 0 0 0 1
1566300890.306476, 112.385699 -401.635173 5.000000 0 0 0 1
1566300890.407457, 111.763440 -401.280992 5.000000 0 0 0 1
1566300890.507240, 111.141181 -400.926811 5.000000 0 0 0 1
1566300890.607096, 110.495746 -400.554706 5.000000 0 0 0 1
1566300890.704771, 109.850310 -400.182602 5.000000 0 0 0 1
1566300890.799701, 109.193537 -399.810803 5.000000 0 0 0 1
1566300890.901762, 108.503251 -399.458459 5.000000 0 0 0 1
1566300891.009058, 107.811964 -399.069043 4.900000 0 0 0 1
1566300891.108811, 107.120677 -398.679627 4.900000 0 0 0 1
1566300891.210064, 106.417551 -398.271981 4.900000 0 0 0 1
1566300891.307306, 105.680913 -397.883790 4.900000 0 0 0 1
1566300891.407985, 104.944274 -397.495598 4.900000 0 0 0 1
1566300891.507324, 104.207136 -397.088871 4.900000 0 0 0 1
1566300891.605767, 103.447321 -396.682755 4.900000 0 0 0 1
1566300891.702165, 102.688007 -396.295176 4.900000 0 0 0 1
1566300891.806238, 101.916354 -395.870831 4.800000 0 0 0 1
1566300891.905386, 101.133364 -395.446791 4.800000 0 0 0 1
1566300892.017665, 100.350874 -395.041288 4.800000 0 0 0 1
1566300892.103689, 99.567884 -394.617249 4.800000 0 0 0 1
1566300892.209728, 98.808571 -394.229668 4.800000 0 0 0 1
1566300892.309989, 98.025080 -393.787093 4.800000 0 0 0 1
1566300892.409136, 97.253929 -393.381283 4.800000 0 0 0 1
1566300892.507371, 96.482277 -392.956937 4.800000 0 0 0 1
1566300892.604460, 95.699287 -392.532897 4.700000 0 0 0 1
1566300892.704777, 94.927636 -392.108551 4.700000 0 0 0 1
1566300892.797952, 94.132808 -391.666281 4.700000 0 0 0 1
1566300892.899409, 93.338481 -391.242547 4.700000 0 0 0 1
1566300892.992939, 92.531816 -390.782047 4.700000 0 0 0 1
1566300893.094227, 91.714313 -390.340390 4.700000 0 0 0 1
1566300893.204242, 90.884971 -389.880502 4.700000 0 0 0 1
1566300893.319889, 90.044292 -389.420920 4.600000 0 0 0 1
1566300893.412522, 89.203614 -388.961339 4.600000 0 0 0 1
1566300893.505352, 88.350596 -388.464991 4.600000 0 0 0 1
1566300893.609249, 87.486742 -387.987486 4.600000 0 0 0 1
1566300893.710056, 86.622887 -387.509980 4.600000 0 0 0 1
1566300893.813628, 85.747194 -387.014245 4.600000 0 0 0 1
1566300893.907942, 84.860164 -386.518815 4.500000 0 0 0 1
1566300894.016805, 83.961295 -386.005156 4.500000 0 0 0 1
1566300894.111237, 83.073765 -385.491191 4.500000 0 0 0 1
1566300894.209453, 82.163559 -384.977838 4.500000 0 0 0 1
1566300894.311300, 81.253353 -384.464484 4.500000 0 0 0 1
1566300894.407118, 80.343147 -383.951130 4.500000 0 0 0 1
1566300894.497777, 79.409765 -383.419853 4.400000 0 0 0 1
1566300894.611792, 78.476884 -382.907111 4.400000 0 0 0 1
1566300894.697625, 77.543503 -382.375833 4.400000 0 0 0 1
1566300894.791301, 76.599284 -381.863397 4.400000 0 0 0 1
1566300894.907221, 75.643228 -381.332731 4.400000 0 0 0 1
1566300895.012222, 74.698509 -380.801759 4.400000 0 0 0 1
1566300895.112925, 73.741953 -380.252557 4.400000 0 0 0 1
1566300895.217308, 72.774559 -379.722196 4.300000 0 0 0 1
1566300895.308217, 71.806665 -379.173300 4.300000 0 0 0 1
1566300895.396363, 70.839271 -378.642939 4.300000 0 0 0 1
1566300895.521392, 69.860040 -378.094349 4.300000 0 0 0 1
1566300895.618758, 68.869470 -377.546064 4.300000 0 0 0 1
1566300895.713768, 67.878901 -376.997779 4.300000 0 0 0 1
1566300895.813456, 66.887832 -376.430958 4.300000 0 0 0 1
1566300895.912461, 65.886426 -375.901514 4.300000 0 0 0 1
1566300896.000558, 64.884020 -375.334999 4.300000 0 0 0 1
1566300896.106187, 63.870276 -374.768790 4.200000 0 0 0 1
1566300896.207734, 62.857032 -374.221116 4.200000 0 0 0 1
1566300896.314364, 61.831450 -373.636677 4.200000 0 0 0 1
1566300896.412854, 60.817707 -373.070467 4.200000 0 0 0 1
1566300896.495869, 59.792626 -372.504563 4.200000 0 0 0 1
1566300896.594029, 58.756707 -371.957500 4.200000 0 0 0 1
1566300896.695473, 57.731626 -371.391596 4.200000 0 0 0 1
1566300896.795550, 56.683370 -370.807767 4.100000 0 0 0 1
1566300896.891764, 55.646952 -370.242168 4.100000 0 0 0 1
1566300896.994656, 54.599196 -369.676875 4.100000 0 0 0 1
1566300897.093620, 53.550941 -369.093046 4.100000 0 0 0 1
1566300897.197476, 52.491348 -368.509523 4.100000 0 0 0 1
1566300897.297343, 51.443092 -367.925694 4.100000 0 0 0 1
1566300897.399591, 50.383500 -367.342170 4.100000 0 0 0 1
1566300897.495701, 49.312569 -366.758952 4.100000 0 0 0 1
1566300897.596521, 48.242139 -366.194270 4.100000 0 0 0 1
1566300897.697919, 47.171210 -365.611051 4.100000 0 0 0 1
1566300897.794388, 46.088942 -365.028139 4.000000 0 0 0 1
1566300897.894546, 45.017513 -364.426384 4.000000 0 0 0 1
1566300897.996063, 43.935246 -363.843471 4.000000 0 0 0 1
1566300898.096303, 42.852979 -363.260558 4.000000 0 0 0 1
1566300898.197299, 41.747537 -362.659721 4.000000 0 0 0 1
1566300898.297331, 40.687446 -362.057659 4.000000 0 0 0 1
1566300898.454574, 39.582004 -361.456822 4.000000 0 0 0 1
1566300898.648001, 37.393797 -360.254534 4.000000 0 0 0 1
1566300898.811553, 35.172578 -359.090234 3.900000 0 0 0 1
1566300898.907738, 34.066137 -358.452324 3.900000 0 0 0 1
1566300899.020278, 32.949359 -357.851791 3.900000 0 0 0 1
1566300899.121016, 31.865594 -357.213268 3.900000 0 0 0 1
1566300899.215799, 30.760155 -356.612429 3.900000 0 0 0 1
1566300899.313479, 29.632040 -356.012201 3.900000 0 0 0 1
1566300899.417683, 28.548276 -355.373677 3.800000 0 0 0 1
1566300899.516798, 27.432000 -354.791679 3.800000 0 0 0 1
1566300899.614519, 26.326061 -354.172302 3.800000 0 0 0 1
1566300899.691149, 25.220123 -353.552926 3.800000 0 0 0 1
1566300899.804908, 24.126022 -352.951779 3.800000 0 0 0 1
1566300899.899979, 23.021085 -352.369473 3.800000 0 0 0 1
1566300899.996064, 21.915147 -351.750096 3.800000 0 0 0 1
1566300900.099214, 20.821048 -351.148948 3.800000 0 0 0 1
1566300900.208183, 19.726449 -350.529265 3.700000 0 0 0 1
1566300900.319050, 18.621512 -349.946958 3.700000 0 0 0 1
1566300900.418084, 17.526914 -349.327274 3.700000 0 0 0 1
1566300900.516715, 16.421478 -348.726431 3.700000 0 0 0 1
1566300900.603728, 15.326880 -348.106746 3.700000 0 0 0 1
1566300900.709468, 14.221944 -347.524439 3.700000 0 0 0 1
1566300900.814357, 13.116509 -346.923595 3.700000 0 0 0 1
1566300900.915940, 12.021912 -346.303910 3.600000 0 0 0 1
1566300901.006807, 10.927815 -345.702760 3.600000 0 0 0 1
1566300901.118704, 9.821881 -345.083380 3.600000 0 0 0 1
1566300901.218619, 8.727784 -344.482230 3.600000 0 0 0 1
1566300901.319944, 7.611513 -343.900227 3.600000 0 0 0 1
1566300901.414225, 6.517417 -343.299076 3.600000 0 0 0 1
1566300901.503840, 5.400146 -342.680001 3.600000 0 0 0 1
1566300901.610141, 4.306551 -342.097385 3.600000 0 0 0 1
1566300901.705005, 3.201118 -341.496539 3.600000 0 0 0 1
1566300901.808957, 2.095186 -340.877158 3.500000 0 0 0 1
1566300901.894563, 0.989754 -340.276312 3.500000 0 0 0 1
1566300902.014583, -0.104841 -339.656624 3.500000 0 0 0 1
1566300902.115201, -1.210272 -339.055777 3.500000 0 0 0 1
1566300902.223206, -2.304366 -338.454624 3.500000 0 0 0 1
1566300902.300435, -3.410297 -337.835241 3.500000 0 0 0 1
1566300902.427207, -4.504890 -337.215552 3.500000 0 0 0 1
1566300902.511370, -5.598983 -336.614399 3.500000 0 0 0 1
1566300902.604108, -6.704413 -336.013551 3.500000 0 0 0 1
1566300902.715953, -7.798505 -335.412397 3.500000 0 0 0 1
1566300902.809777, -8.882259 -334.773865 3.500000 0 0 0 1
1566300902.909860, -9.986689 -334.210088 3.500000 0 0 0 1
1566300903.005665, -11.081280 -333.590398 3.400000 0 0 0 1
1566300903.114995, -12.164033 -332.988937 3.400000 0 0 0 1
1566300903.206059, -13.268962 -332.406623 3.400000 0 0 0 1
1566300903.316179, -14.352215 -331.786626 3.400000 0 0 0 1
1566300903.401034, -15.423629 -331.184859 3.400000 0 0 0 1
1566300903.519941, -16.528557 -330.602544 3.400000 0 0 0 1
1566300903.600774, -17.599971 -330.000776 3.400000 0 0 0 1
1566300903.717733, -18.671885 -329.380473 3.400000 0 0 0 1
1566300903.799655, -19.754137 -328.797546 3.400000 0 0 0 1
1566300903.916871, -20.825550 -328.195777 3.400000 0 0 0 1
1566300904.005865, -21.907301 -327.631386 3.400000 0 0 0 1
1566300904.117276, -22.967376 -327.029311 3.400000 0 0 0 1
1566300904.202484, -24.015613 -326.445466 3.400000 0 0 0 1
1566300904.316714, -25.064350 -325.843084 3.400000 0 0 0 1
1566300904.415874, -26.135262 -325.259850 3.400000 0 0 0 1
1566300904.515647, -27.183498 -324.676004 3.300000 0 0 0 1
1566300904.602252, -28.220396 -324.091852 3.300000 0 0 0 1
1566300904.706733, -29.268132 -323.526542 3.300000 0 0 0 1
1566300904.796407, -30.316368 -322.942695 3.300000 0 0 0 1
1566300904.907610, -31.341927 -322.358237 3.300000 0 0 0 1
1566300905.001860, -32.378825 -321.774084 3.300000 0 0 0 1
1566300905.121479, -33.392546 -321.207855 3.300000 0 0 0 1
1566300905.213652, -34.418105 -320.623396 3.300000 0 0 0 1
1566300905.323371, -35.420988 -320.038325 3.300000 0 0 0 1
1566300905.417963, -36.423871 -319.453254 3.300000 0 0 0 1
1566300905.525402, -37.414917 -318.886412 3.300000 0 0 0 1
1566300905.617469, -38.406461 -318.301035 3.300000 0 0 0 1
1566300905.701485, -39.374830 -317.733581 3.300000 0 0 0 1
1566300905.808351, -40.343199 -317.166127 3.200000 0 0 0 1
1566300905.898651, -41.300730 -316.579832 3.200000 0 0 0 1
1566300906.010218, -42.235585 -315.992925 3.200000 0 0 0 1
1566300906.102273, -43.169940 -315.424553 3.200000 0 0 0 1
1566300906.217410, -44.081620 -314.855570 3.200000 0 0 0 1
1566300906.307170, -44.970123 -314.304510 3.200000 0 0 0 1
1566300906.417780, -45.836451 -313.734304 3.200000 0 0 0 1
1566300906.507040, -46.702779 -313.164096 3.200000 0 0 0 1
1566300906.617896, -47.545931 -312.611813 3.200000 0 0 0 1
1566300906.707415, -48.365908 -312.077454 3.200000 0 0 0 1
1566300906.817819, -49.174547 -311.542789 3.200000 0 0 0 1
1566300906.907675, -49.960510 -311.007512 3.100000 0 0 0 1
1566300907.018120, -50.723297 -310.490160 3.100000 0 0 0 1
1566300907.105661, -51.474747 -309.972501 3.100000 0 0 0 1
1566300907.218570, -52.203021 -309.472766 3.100000 0 0 0 1
1566300907.323026, -52.919457 -308.991261 3.100000 0 0 0 1
1566300907.421561, -53.625055 -308.490915 3.100000 0 0 0 1
1566300907.522026, -54.306978 -308.027028 3.100000 0 0 0 1
1566300907.621200, -54.965726 -307.581065 3.100000 0 0 0 1
1566300907.723292, -55.624973 -307.116567 3.100000 0 0 0 1
1566300907.823346, -56.249707 -306.669687 3.100000 0 0 0 1
1566300907.914618, -56.862104 -306.259572 3.100000 0 0 0 1
1566300908.027074, -57.450825 -305.885917 3.100000 0 0 0 1
1566300908.126289, -58.017371 -305.493115 3.100000 0 0 0 1
1566300908.213451, -58.560741 -305.118237 3.100000 0 0 0 1
1566300908.323543, -59.092273 -304.761588 3.000000 0 0 0 1
1566300908.422610, -59.600630 -304.422864 3.000000 0 0 0 1
1566300908.520843, -60.085812 -304.102064 3.000000 0 0 0 1
1566300908.620711, -60.548318 -303.780652 3.000000 0 0 0 1
1566300908.720936, -60.998487 -303.496006 3.000000 0 0 0 1
1566300908.815964, -61.414143 -303.228978 3.000000 0 0 0 1
1566300908.916922, -61.818961 -302.943109 3.000000 0 0 0 1
1566300909.024968, -62.200103 -302.693700 3.000000 0 0 0 1
1566300909.126213, -62.569408 -302.462520 3.000000 0 0 0 1
1566300909.220872, -62.916538 -302.212193 3.000000 0 0 0 1
1566300909.322479, -63.251829 -301.980096 3.000000 0 0 0 1
1566300909.421565, -63.586621 -301.766535 3.000000 0 0 0 1
1566300909.521444, -63.910075 -301.552668 3.000000 0 0 0 1
1566300909.624735, -64.222192 -301.338495 3.000000 0 0 0 1
1566300909.717941, -64.534308 -301.124323 3.000000 0 0 0 1
1566300909.823773, -64.835087 -300.909844 3.000000 0 0 0 1
1566300909.922511, -65.158541 -300.695977 3.000000 0 0 0 1
1566300910.026631, -65.470157 -300.500340 3.000000 0 0 0 1
1566300910.130035, -65.770936 -300.285861 3.000000 0 0 0 1
1566300910.225193, -66.094890 -300.053458 3.000000 0 0 0 1
1566300910.311460, -66.395168 -299.857515 3.000000 0 0 0 1
1566300910.424409, -66.707284 -299.643342 3.000000 0 0 0 1
1566300910.509842, -66.996225 -299.447094 3.000000 0 0 0 1
1566300910.621570, -67.297004 -299.232615 3.000000 0 0 0 1
1566300910.722433, -67.585945 -299.036366 3.000000 0 0 0 1
1566300910.821988, -67.886223 -298.840423 3.000000 0 0 0 1
1566300910.907637, -68.175664 -298.625639 3.000000 0 0 0 1
1566300911.011190, -68.487280 -298.430001 3.000000 0 0 0 1
1566300911.122714, -68.788558 -298.196987 3.000000 0 0 0 1
1566300911.208664, -69.112012 -297.983119 3.000000 0 0 0 1
1566300911.326610, -69.435466 -297.769252 3.000000 0 0 0 1
1566300911.423156, -69.770757 -297.537155 3.000000 0 0 0 1
1566300911.518409, -70.106048 -297.305057 3.000000 0 0 0 1
1566300911.623109, -70.441339 -297.072960 3.000000 0 0 0 1
1566300911.725355, -70.799305 -296.841474 3.000000 0 0 0 1
1566300911.808684, -71.145934 -296.609683 3.000000 0 0 0 1
1566300911.924169, -71.515738 -296.359967 3.000000 0 0 0 1
1566300912.028376, -71.885042 -296.128786 3.000000 0 0 0 1
1566300912.133446, -72.254846 -295.879070 3.000000 0 0 0 1
1566300912.224645, -72.635987 -295.629660 3.000000 0 0 0 1
1566300912.327938, -73.005791 -295.379944 3.000000 0 0 0 1
1566300912.418928, -73.386933 -295.130534 3.000000 0 0 0 1
1566300912.523124, -73.779412 -294.881429 3.000000 0 0 0 1
1566300912.625209, -74.149215 -294.631713 3.000000 0 0 0 1
1566300912.718153, -74.530357 -294.382303 3.000000 0 0 0 1
1566300912.813656, -74.911498 -294.132892 3.000000 0 0 0 1
1566300912.914013, -75.292639 -293.883482 3.000000 0 0 0 1
1566300913.009269, -75.685618 -293.615842 3.000000 0 0 0 1
1566300913.114892, -76.101272 -293.348813 3.000000 0 0 0 1
1566300913.224330, -76.517426 -293.063248 3.000000 0 0 0 1
1566300913.304798, -76.921742 -292.795913 3.000000 0 0 0 1
1566300913.408541, -77.337896 -292.510348 3.000000 0 0 0 1
1566300913.515751, -77.764887 -292.243625 3.000000 0 0 0 1
1566300913.627037, -78.203716 -291.958671 3.000000 0 0 0 1
1566300913.723648, -78.654382 -291.655488 3.000000 0 0 0 1
1566300913.824718, -79.104549 -291.370840 3.000000 0 0 0 1
1566300913.923275, -79.566553 -291.067962 3.000000 0 0 0 1
1566300914.035179, -80.051732 -290.747160 3.000000 0 0 0 1
1566300914.129363, -80.536411 -290.444894 3.000000 0 0 0 1
1566300914.210458, -81.066941 -290.125315 3.000000 0 0 0 1
1566300914.324613, -81.574795 -289.805124 3.000000 0 0 0 1
1566300914.408928, -82.093987 -289.485239 3.000000 0 0 0 1
1566300914.514610, -82.636854 -289.128894 3.000000 0 0 0 1
1566300914.626023, -83.179221 -288.791084 3.000000 0 0 0 1
1566300914.720982, -83.722087 -288.434739 3.000000 0 0 0 1
1566300914.817521, -84.287129 -288.097541 3.000000 0 0 0 1
1566300914.914993, -84.852671 -287.741807 3.000000 0 0 0 1
1566300915.021651, -85.441388 -287.368149 3.000000 0 0 0 1
1566300915.125265, -86.018767 -286.994185 3.000000 0 0 0 1
1566300915.230062, -86.618322 -286.639368 3.000000 0 0 0 1
1566300915.331218, -87.230213 -286.247785 3.000000 0 0 0 1
1566300915.431291, -87.841105 -285.893273 3.000000 0 0 0 1
1566300915.530187, -88.464334 -285.501996 3.000000 0 0 0 1
1566300915.627753, -89.098901 -285.111025 3.000000 0 0 0 1
1566300915.727803, -89.733468 -284.720053 3.000000 0 0 0 1
1566300915.829803, -90.367534 -284.347617 3.000000 0 0 0 1
1566300915.930492, -91.013438 -283.956951 3.000000 0 0 0 1
1566300916.028764, -91.670680 -283.566590 3.000000 0 0 0 1
1566300916.128900, -92.328421 -283.157694 3.000000 0 0 0 1
1566300916.213830, -92.985663 -282.767333 3.000000 0 0 0 1
1566300916.327926, -93.653742 -282.395814 3.000000 0 0 0 1
1566300916.426658, -94.299146 -282.023683 3.000000 0 0 0 1
1566300916.530550, -94.956387 -281.633322 3.000000 0 0 0 1
1566300916.628354, -95.613628 -281.242961 3.000000 0 0 0 1
1566300916.711352, -96.281707 -280.871441 3.000000 0 0 0 1
1566300916.825695, -96.927610 -280.480774 3.000000 0 0 0 1
1566300916.915811, -97.595688 -280.109254 3.000000 0 0 0 1
1566300917.026896, -98.252929 -279.718893 2.900000 0 0 0 1
1566300917.130729, -98.909670 -279.347067 2.900000 0 0 0 1
1566300917.214977, -99.555073 -278.974935 2.900000 0 0 0 1
1566300917.313778, -100.222651 -278.621951 2.900000 0 0 0 1
1566300917.420824, -100.891229 -278.231895 2.900000 0 0 0 1
1566300917.534555, -101.559307 -277.860374 2.900000 0 0 0 1
1566300917.628619, -102.217047 -277.451477 2.900000 0 0 0 1
1566300917.727519, -102.873287 -277.098186 2.900000 0 0 0 1
1566300917.823095, -103.541365 -276.726665 2.800000 0 0 0 1
1566300917.915365, -104.209942 -276.336609 2.800000 0 0 0 1
1566300918.038255, -104.867182 -275.946247 2.800000 0 0 0 1
1566300918.141479, -105.524421 -275.555884 2.800000 0 0 0 1
1566300918.233525, -106.192498 -275.184363 2.800000 0 0 0 1
1566300918.330539, -106.861075 -274.794306 2.800000 0 0 0 1
1566300918.430891, -107.529652 -274.404249 2.800000 0 0 0 1
1566300918.528764, -108.186391 -274.032422 2.700000 0 0 0 1
1566300918.631937, -108.854468 -273.660901 2.700000 0 0 0 1
1566300918.725710, -109.534382 -273.271149 2.700000 0 0 0 1
1566300918.829088, -110.202459 -272.899628 2.700000 0 0 0 1
1566300918.929772, -110.882373 -272.509876 2.700000 0 0 0 1
1566300919.040193, -111.550949 -272.119818 2.700000 0 0 0 1
1566300919.131144, -112.208187 -271.729455 2.700000 0 0 0 1
1566300919.218923, -112.876263 -271.357933 2.700000 0 0 0 1
1566300919.335118, -113.567015 -270.987022 2.700000 0 0 0 1
1566300919.432636, -114.224253 -270.596659 2.700000 0 0 0 1
1566300919.533207, -114.892828 -270.206601 2.700000 0 0 0 1
1566300919.626247, -115.572242 -269.835384 2.600000 0 0 0 1
1566300919.714282, -116.240817 -269.445326 2.600000 0 0 0 1
1566300919.814063, -116.897055 -269.092034 2.600000 0 0 0 1
1566300919.929126, -117.554293 -268.701670 2.600000 0 0 0 1
1566300920.030782, -118.210531 -268.348377 2.600000 0 0 0 1
1566300920.137976, -118.855931 -267.976243 2.600000 0 0 0 1
1566300920.219075, -119.478656 -267.603497 2.600000 0 0 0 1
1566300920.336264, -120.100881 -267.249288 2.600000 0 0 0 1
1566300920.431973, -120.722606 -266.913614 2.500000 0 0 0 1
1566300920.528774, -121.345330 -266.540868 2.500000 0 0 0 1
1566300920.633934, -121.944880 -266.186047 2.500000 0 0 0 1
1566300920.732395, -122.556266 -265.812995 2.500000 0 0 0 1
1566300920.832477, -123.166154 -265.495551 2.500000 0 0 0 1
1566300920.930887, -123.765203 -265.159265 2.500000 0 0 0 1
1566300921.039401, -124.364752 -264.804443 2.500000 0 0 0 1
1566300921.142695, -124.975639 -264.449927 2.500000 0 0 0 1
1566300921.236522, -125.563351 -264.113336 2.400000 0 0 0 1
1566300921.334798, -126.150562 -263.795280 2.400000 0 0 0 1
1566300921.428527, -126.727436 -263.439847 2.400000 0 0 0 1
1566300921.536735, -127.326485 -263.103561 2.400000 0 0 0 1
1566300921.642424, -127.902859 -262.766663 2.400000 0 0 0 1
1566300921.730037, -128.468394 -262.410924 2.400000 0 0 0 1
1566300921.829641, -129.033430 -262.073721 2.400000 0 0 0 1
1566300921.927224, -129.587128 -261.736212 2.400000 0 0 0 1
1566300922.032370, -130.141326 -261.380167 2.400000 0 0 0 1
1566300922.135387, -130.672349 -261.042047 2.400000 0 0 0 1
1566300922.235570, -131.204371 -260.666855 2.300000 0 0 0 1
1566300922.333399, -131.725055 -260.291358 2.300000 0 0 0 1
1566300922.434691, -132.234402 -259.915555 2.300000 0 0 0 1
1566300922.521143, -132.721573 -259.520605 2.300000 0 0 0 1
1566300922.637536, -133.208744 -259.125655 2.300000 0 0 0 1
1566300922.736188, -133.662401 -258.711253 2.300000 0 0 0 1
1566300922.836658, -134.116059 -258.296851 2.300000 0 0 0 1
1566300922.938475, -134.524366 -257.881226 2.200000 0 0 0 1
1566300923.022367, -134.933173 -257.447065 2.200000 0 0 0 1
1566300923.122722, -135.308466 -256.993452 2.200000 0 0 0 1
1566300923.229246, -135.661084 -256.539228 2.200000 0 0 0 1
1566300923.335740, -135.980688 -256.047015 2.200000 0 0 0 1
1566300923.434147, -136.300293 -255.554803 2.200000 0 0 0 1
1566300923.518382, -136.586384 -255.043138 2.200000 0 0 0 1
1566300923.640348, -136.849800 -254.530862 2.200000 0 0 0 1
1566300923.734630, -137.079702 -253.999134 2.200000 0 0 0 1
1566300923.834703, -137.276092 -253.447953 2.200000 0 0 0 1
1566300923.938915, -137.438468 -252.895855 2.200000 0 0 0 1
1566300924.038175, -137.578669 -252.324610 2.100000 0 0 0 1
1566300924.116189, -137.684358 -251.770985 2.100000 0 0 0 1
1566300924.235597, -137.767371 -251.216748 2.100000 0 0 0 1
1566300924.334464, -137.805034 -250.661289 2.100000 0 0 0 1
1566300924.438047, -137.820521 -250.086683 2.100000 0 0 0 1
1566300924.536230, -137.813334 -249.511466 2.100000 0 0 0 1
1566300924.638291, -137.772133 -248.935332 2.100000 0 0 0 1
1566300924.739001, -137.708258 -248.358587 2.100000 0 0 0 1
1566300924.825200, -137.621707 -247.781231 2.100000 0 0 0 1
1566300924.924101, -137.501143 -247.202958 2.100000 0 0 0 1
1566300925.018954, -137.346567 -246.623768 2.100000 0 0 0 1
1566300925.142728, -137.180154 -246.062808 2.100000 0 0 0 1
1566300925.234566, -136.979728 -245.500932 2.100000 0 0 0 1
1566300925.335705, -136.756627 -244.938444 2.100000 0 0 0 1
1566300925.419504, -136.510351 -244.393881 2.100000 0 0 0 1
1566300925.539441, -136.241400 -243.848707 2.100000 0 0 0 1
1566300925.637664, -135.949774 -243.302921 2.100000 0 0 0 1
1566300925.743781, -135.624636 -242.737683 2.100000 0 0 0 1
1566300925.832859, -135.288159 -242.172140 2.200000 0 0 0 1
1566300925.915145, -134.939846 -241.624826 2.200000 0 0 0 1
1566300926.038835, -134.580694 -241.058672 2.200000 0 0 0 1
1566300926.122975, -134.222042 -240.473981 2.200000 0 0 0 1
1566300926.240503, -133.840716 -239.888679 2.200000 0 0 0 1
1566300926.321675, -133.448551 -239.284536 2.200000 0 0 0 1
1566300926.443464, -133.056387 -238.680393 2.100000 0 0 0 1
1566300926.537752, -132.652885 -238.075945 2.200000 0 0 0 1
1566300926.640490, -132.250382 -237.434425 2.200000 0 0 0 1
1566300926.737286, -131.836043 -236.811135 2.100000 0 0 0 1
1566300926.836615, -131.433041 -236.188150 2.100000 0 0 0 1
1566300926.920666, -131.020200 -235.509253 2.100000 0 0 0 1
1566300927.047322, -130.606360 -234.867427 2.100000 0 0 0 1
1566300927.121244, -130.170845 -234.187919 2.100000 0 0 0 1
1566300927.246387, -129.746667 -233.508716 2.100000 0 0 0 1
1566300927.322687, -129.311652 -232.810672 2.100000 0 0 0 1
1566300927.432176, -128.887974 -232.112933 2.100000 0 0 0 1
1566300927.537004, -128.464296 -231.415195 2.100000 0 0 0 1
1566300927.625158, -128.030280 -230.680079 2.100000 0 0 0 1
1566300927.731909, -127.584427 -229.963193 2.100000 0 0 0 1
1566300927.826087, -127.139074 -229.227772 2.100000 0 0 0 1
1566300927.935186, -126.693721 -228.492351 2.100000 0 0 0 1
1566300928.031207, -126.248368 -227.756929 2.100000 0 0 0 1
1566300928.138132, -125.791678 -227.021202 2.100000 0 0 0 1
1566300928.227083, -125.335487 -226.266939 2.100000 0 0 0 1
1566300928.337380, -124.879297 -225.512677 2.100000 0 0 0 1
1566300928.426460, -124.423107 -224.758414 2.100000 0 0 0 1
1566300928.535827, -123.966917 -224.004151 2.100000 0 0 0 1
1566300928.622617, -123.499389 -223.249582 2.100000 0 0 0 1
1566300928.736834, -123.032361 -222.476478 2.100000 0 0 0 1
1566300928.821800, -122.576172 -221.722215 2.000000 0 0 0 1
1566300928.935773, -122.109145 -220.949110 2.100000 0 0 0 1
1566300929.028463, -121.641618 -220.194542 2.000000 0 0 0 1
1566300929.136947, -121.185928 -219.421743 2.000000 0 0 0 1
1566300929.223363, -120.729739 -218.667480 2.000000 0 0 0 1
1566300929.337050, -120.274050 -217.894681 2.000000 0 0 0 1
1566300929.421968, -119.817861 -217.140417 2.000000 0 0 0 1
1566300929.531971, -119.373010 -216.386460 2.000000 0 0 0 1
1566300929.620994, -118.916822 -215.632196 2.000000 0 0 0 1
1566300929.740199, -118.471971 -214.878238 2.000000 0 0 0 1
1566300929.835300, -118.027120 -214.124280 2.000000 0 0 0 1
1566300929.932365, -117.592608 -213.407699 2.000000 0 0 0 1
1566300930.018234, -117.169933 -212.672888 1.900000 0 0 0 1
1566300930.141520, -116.735920 -211.937772 1.900000 0 0 0 1
1566300930.236790, -116.312746 -211.221496 1.900000 0 0 0 1
1566300930.344197, -115.889572 -210.505221 1.900000 0 0 0 1
1566300930.434096, -115.477735 -209.789251 1.900000 0 0 0 1
1566300930.539708, -115.065399 -209.091817 1.900000 0 0 0 1
1566300930.622338, -114.641725 -208.394077 1.900000 0 0 0 1
1566300930.748188, -114.229389 -207.696642 1.900000 0 0 0 1
1566300930.836980, -113.817053 -206.999208 1.900000 0 0 0 1
1566300930.943184, -113.404218 -206.320309 1.900000 0 0 0 1
1566300931.042974, -112.991882 -205.622875 1.900000 0 0 0 1
1566300931.136206, -112.579047 -204.943976 1.900000 0 0 0 1
1566300931.241900, -112.154874 -204.264772 1.900000 0 0 0 1
1566300931.336650, -111.731701 -203.548496 1.900000 0 0 0 1
1566300931.439241, -111.319366 -202.851061 1.900000 0 0 0 1
1566300931.525626, -110.907031 -202.153627 1.900000 0 0 0 1
1566300931.642921, -110.495196 -201.437656 1.800000 0 0 0 1
1566300931.743883, -110.082861 -200.740222 1.800000 0 0 0 1
1566300931.827543, -109.670526 -200.042787 1.800000 0 0 0 1
1566300931.943276, -109.291204 -199.383341 1.800000 0 0 0 1
1566300932.043094, -108.889208 -198.723283 1.800000 0 0 0 1
1566300932.144538, -108.476874 -198.025848 1.800000 0 0 0 1
1566300932.222704, -108.053702 -197.309572 1.800000 0 0 0 1
1566300932.326692, -107.652705 -196.612443 1.800000 0 0 0 1
1566300932.443530, -107.251209 -195.933849 1.700000 0 0 0 1
1566300932.539353, -106.850213 -195.236720 1.700000 0 0 0 1
1566300932.640947, -106.448717 -194.558126 1.700000 0 0 0 1
1566300932.741438, -106.036383 -193.860691 1.700000 0 0 0 1
1566300932.843289, -105.624549 -193.144720 1.700000 0 0 0 1
1566300932.938627, -105.212716 -192.428749 1.700000 0 0 0 1
1566300933.934262, -100.900807 -184.874288 1.600000 0 0 0 1
1566300934.035116, -100.445624 -184.082952 1.600000 0 0 0 1
1566300934.142029, -99.990941 -183.273079 1.600000 0 0 0 1
1566300934.244397, -99.536258 -182.463207 1.600000 0 0 0 1
1566300934.344668, -99.069738 -181.671564 1.600000 0 0 0 1
1566300934.439877, -98.603718 -180.861386 1.600000 0 0 0 1
1566300934.539875, -98.148536 -180.070049 1.600000 0 0 0 1
1566300934.642885, -97.682516 -179.259871 1.600000 0 0 0 1
1566300934.742890, -97.227334 -178.468534 1.600000 0 0 0 1
1566300934.844240, -96.760815 -177.676892 1.400000 0 0 0 1
1566300934.939170, -96.294796 -176.866713 1.400000 0 0 0 1
1566300935.045224, -95.829277 -176.037999 1.400000 0 0 0 1
1566300935.146579, -95.340583 -175.227209 1.400000 0 0 0 1
1566300935.244806, -94.863727 -174.398189 1.400000 0 0 0 1
1566300935.344051, -94.386871 -173.569169 1.400000 0 0 0 1
1566300935.445460, -93.910514 -172.721614 1.400000 0 0 0 1
1566300935.530793, -93.411484 -171.873447 1.400000 0 0 0 1
1566300935.648051, -92.912953 -171.006744 1.300000 0 0 0 1
1566300935.744044, -92.403084 -170.139735 1.300000 0 0 0 1
1566300935.838405, -91.904554 -169.273032 1.300000 0 0 0 1
1566300935.944983, -91.384348 -168.368647 1.300000 0 0 0 1
1566300936.045007, -90.864143 -167.464261 1.300000 0 0 0 1
1566300936.147176, -90.343438 -166.578411 1.300000 0 0 0 1
1566300936.245386, -89.823233 -165.674025 1.300000 0 0 0 1
1566300936.344007, -89.280853 -164.750492 1.200000 0 0 0 1
1566300936.444054, -88.750311 -163.808729 1.200000 0 0 0 1
1566300936.544473, -88.208431 -162.866660 1.200000 0 0 0 1
1566300936.642551, -87.666552 -161.924591 1.200000 0 0 0 1
1566300936.737707, -87.113335 -160.982216 1.200000 0 0 0 1
1566300936.843241, -86.560119 -160.039841 1.100000 0 0 0 1
1566300936.944433, -86.007403 -159.078931 1.100000 0 0 0 1
1566300937.049003, -85.443349 -158.117715 1.100000 0 0 0 1
1566300937.148747, -84.891133 -157.138268 1.100000 0 0 0 1
1566300937.246573, -84.316243 -156.158211 1.100000 0 0 0 1
1566300937.345914, -83.752690 -155.178458 1.100000 0 0 0 1
1566300937.445462, -83.189137 -154.198706 1.000000 0 0 0 1
1566300937.547108, -82.614248 -153.218648 1.000000 0 0 0 1
1566300937.627180, -82.039358 -152.238590 1.000000 0 0 0 1
1566300937.736987, -81.464469 -151.258532 1.000000 0 0 0 1
1566300937.827143, -80.890079 -150.259938 1.000000 0 0 0 1
1566300937.934299, -80.315690 -149.261344 1.000000 0 0 0 1
1566300938.040185, -79.741302 -148.262750 1.000000 0 0 0 1
1566300938.147213, -79.155576 -147.263850 0.900000 0 0 0 1
1566300938.245237, -78.569850 -146.264950 0.900000 0 0 0 1
1566300938.346153, -77.995462 -145.266356 0.900000 0 0 0 1
1566300938.446505, -77.421074 -144.267762 0.900000 0 0 0 1
1566300938.539394, -76.824512 -143.250020 0.900000 0 0 0 1
1566300938.627809, -76.249625 -142.269962 0.900000 0 0 0 1
1566300938.744541, -75.663900 -141.271061 0.900000 0 0 0 1
1566300938.844345, -75.101351 -140.254237 0.900000 0 0 0 1
1566300938.930351, -74.515627 -139.255336 0.800000 0 0 0 1
1566300939.047947, -73.929903 -138.256436 0.900000 0 0 0 1
1566300939.147644, -73.344680 -137.239000 0.900000 0 0 0 1
1566300939.245342, -72.759457 -136.221563 0.900000 0 0 0 1
1566300939.344137, -72.185071 -135.222968 0.900000 0 0 0 1
1566300939.438182, -71.610686 -134.224373 0.900000 0 0 0 1
1566300939.542240, -71.036301 -133.225778 0.900000 0 0 0 1
1566300939.642460, -70.461416 -132.245719 0.900000 0 0 0 1
1566300939.733765, -69.887031 -131.247123 0.900000 0 0 0 1
1566300939.833192, -69.323484 -130.267369 0.900000 0 0 0 1
1566300939.931247, -68.748101 -129.305845 0.900000 0 0 0 1
1566300940.037256, -68.184554 -128.326091 0.900000 0 0 0 1
1566300940.146876, -67.621508 -127.327801 0.900000 0 0 0 1
1566300940.245379, -67.057462 -126.366583 0.900000 0 0 0 1
1566300940.338719, -66.493416 -125.405364 0.900000 0 0 0 1
1566300940.442453, -65.951546 -124.463293 0.900000 0 0 0 1
1566300940.542598, -65.376163 -123.501768 0.900000 0 0 0 1
1566300940.645652, -64.811618 -122.559085 0.900000 0 0 0 1
1566300940.740739, -64.270248 -121.598478 0.900000 0 0 0 1
1566300940.843703, -63.716541 -120.674636 0.900000 0 0 0 1
1566300940.944828, -63.152497 -119.713417 0.900000 0 0 0 1
1566300941.050171, -62.610128 -118.789881 0.900000 0 0 0 1
1566300941.150088, -62.056421 -117.866039 0.900000 0 0 0 1
1566300941.240099, -61.514553 -116.923967 0.900000 0 0 0 1
1566300941.346752, -60.960347 -116.018660 0.900000 0 0 0 1
1566300941.446712, -60.417978 -115.095124 0.900000 0 0 0 1
1566300941.544207, -59.875610 -114.171587 0.900000 0 0 0 1
1566300941.643483, -59.332742 -113.266586 0.900000 0 0 0 1
1566300941.743870, -58.801212 -112.361891 0.900000 0 0 0 1
1566300941.842205, -58.270182 -111.438660 1.000000 0 0 0 1
1566300941.941339, -57.738152 -110.552501 1.000000 0 0 0 1
1566300942.046495, -57.206622 -109.647805 1.000000 0 0 0 1
1566300942.139278, -56.674592 -108.761646 1.000000 0 0 0 1
1566300942.248307, -56.154400 -107.857256 1.000000 0 0 0 1
1566300942.342589, -55.621871 -106.989632 1.000000 0 0 0 1
1566300942.442629, -55.112517 -106.104083 1.000000 0 0 0 1
1566300942.539833, -54.568651 -105.236153 1.000000 0 0 0 1
1566300942.629863, -54.047460 -104.368834 1.000000 0 0 0 1
1566300942.733670, -53.537606 -103.501822 1.000000 0 0 0 1
1566300942.824548, -53.039090 -102.635114 1.000000 0 0 0 1
1566300942.935045, -52.517899 -101.767796 1.000000 0 0 0 1
1566300943.041199, -51.996209 -100.919012 1.000000 0 0 0 1
1566300943.128551, -51.486856 -100.033464 1.000000 0 0 0 1
1566300943.244043, -50.976503 -99.184986 1.000000 0 0 0 1
1566300943.331392, -50.477988 -98.318279 1.000000 0 0 0 1
1566300943.441111, -49.968135 -97.451265 1.000000 0 0 0 1
1566300943.530722, -49.457783 -96.602788 1.000000 0 0 0 1
1566300943.640093, -48.936594 -95.735468 1.000000 0 0 0 1
1566300943.729009, -48.438079 -94.868761 1.100000 0 0 0 1
1566300943.843218, -47.927727 -94.020283 1.100000 0 0 0 1
1566300943.922072, -47.417876 -93.153269 1.100000 0 0 0 1
1566300944.049081, -46.907525 -92.304791 1.100000 0 0 0 1
1566300944.143951, -46.397673 -91.437778 1.100000 0 0 0 1
1566300944.247518, -45.899160 -90.571070 1.100000 0 0 0 1
1566300944.340174, -45.377472 -89.722286 1.100000 0 0 0 1
1566300944.445571, -44.868121 -88.836736 1.100000 0 0 0 1
1566300944.526378, -44.369608 -87.970028 1.100000 0 0 0 1
1566300944.642843, -43.859758 -87.103014 1.000000 0 0 0 1
1566300944.737609, -43.349908 -86.236000 1.000000 0 0 0 1
1566300944.841176, -42.829221 -85.350145 1.000000 0 0 0 1
1566300944.921033, -42.319371 -84.483131 1.000000 0 0 0 1
1566300945.028948, -41.820859 -83.616422 1.000000 0 0 0 1
1566300945.142226, -41.300172 -82.730566 1.000000 0 0 0 1
1566300945.229039, -40.778986 -81.863246 1.000000 0 0 0 1
1566300945.340516, -40.280974 -80.978002 1.000000 0 0 0 1
1566300945.431274, -39.748451 -80.110376 1.000000 0 0 0 1
1566300945.539175, -39.239103 -79.224826 1.000000 0 0 0 1
1566300945.631114, -38.729755 -78.339276 1.000000 0 0 0 1
1566300945.734586, -38.208569 -77.471955 1.000000 0 0 0 1
1566300945.828744, -37.699721 -76.567869 1.000000 0 0 0 1
1566300945.938415, -37.178536 -75.700549 1.000000 0 0 0 1
1566300946.049928, -36.657852 -74.814692 1.000000 0 0 0 1
1566300946.144984, -36.137167 -73.928836 1.000000 0 0 0 1
1566300946.228574, -35.639157 -73.043591 1.000000 0 0 0 1
1566300946.347817, -35.107636 -72.138893 1.000000 0 0 0 1
1566300946.426242, -34.598289 -71.253343 1.000000 0 0 0 1
1566300946.542438, -34.077605 -70.367486 1.000000 0 0 0 1
1566300946.625602, -33.556922 -69.481629 1.000000 0 0 0 1
1566300946.734879, -33.036239 -68.595773 1.000000 0 0 0 1
1566300946.830981, -32.527393 -67.691686 1.000000 0 0 0 1
1566300946.932546, -32.006710 -66.805829 1.000000 0 0 0 1
1566300947.026334, -31.486527 -65.901437 1.000000 0 0 0 1
1566300947.146989, -30.965844 -65.015580 1.000000 0 0 0 1
1566300947.244043, -30.445662 -64.111187 1.000000 0 0 0 1
1566300947.348309, -29.924980 -63.225330 1.000000 0 0 0 1
1566300947.444231, -29.404798 -62.320937 0.900000 0 0 0 1
1566300947.542167, -28.884616 -61.416545 0.900000 0 0 0 1
1566300947.627467, -28.363935 -60.530687 0.900000 0 0 0 1
1566300947.751201, -27.843753 -59.626295 0.900000 0 0 0 1
1566300947.841282, -27.312235 -58.721596 0.900000 0 0 0 1
1566300947.947413, -26.803391 -57.817508 0.900000 0 0 0 1
1566300948.045414, -26.271873 -56.912809 0.900000 0 0 0 1
1566300948.131421, -25.751193 -56.026952 0.900000 0 0 0 1
1566300948.240527, -25.231512 -55.104023 0.900000 0 0 0 1
1566300948.332338, -24.711832 -54.181094 0.900000 0 0 0 1
1566300948.436403, -24.180315 -53.276395 0.900000 0 0 0 1
1566300948.534674, -23.648798 -52.371696 0.900000 0 0 0 1
1566300948.640966, -23.128619 -51.467302 0.900000 0 0 0 1
1566300948.734875, -22.608440 -50.562909 0.900000 0 0 0 1
1566300948.840257, -22.077423 -49.639673 0.900000 0 0 0 1
1566300948.928776, -21.546407 -48.716438 0.900000 0 0 0 1
1566300949.044258, -21.015392 -47.793203 0.900000 0 0 0 1
1566300949.131860, -20.495713 -46.870273 0.900000 0 0 0 1
1566300949.244831, -19.976035 -45.947344 0.900000 0 0 0 1
1566300949.337133, -19.433183 -45.042338 0.900000 0 0 0 1
1566300949.442186, -18.924842 -44.119715 0.900000 0 0 0 1
1566300949.541199, -18.371153 -43.195867 0.900000 0 0 0 1
1566300949.641340, -17.839638 -42.291167 0.900000 0 0 0 1
1566300949.736318, -17.309124 -41.349396 0.900000 0 0 0 1
1566300949.836022, -16.766273 -40.444390 0.800000 0 0 0 1
1566300949.937356, -16.235759 -39.502618 0.800000 0 0 0 1
1566300950.041118, -15.681571 -38.597307 0.800000 0 0 0 1
1566300950.137968, -15.150558 -37.674071 0.800000 0 0 0 1
1566300950.237018, -14.619544 -36.750835 0.800000 0 0 0 1
1566300950.344787, -14.077194 -35.827293 0.800000 0 0 0 1
1566300950.442597, -13.523507 -34.903445 0.800000 0 0 0 1
1566300950.543544, -12.981157 -33.979903 0.800000 0 0 0 1
1566300950.646450, -12.439308 -33.037825 0.800000 0 0 0 1
1566300950.742701, -11.896959 -32.114283 0.800000 0 0 0 1
1566300950.844371, -11.354610 -31.190740 0.800000 0 0 0 1
1566300950.939182, -10.823598 -30.267504 0.800000 0 0 0 1
1566300951.031513, -10.293086 -29.325732 0.800000 0 0 0 1
1566300951.124532, -9.728564 -28.383042 0.800000 0 0 0 1
1566300951.254514, -9.197553 -27.459805 0.800000 0 0 0 1
1566300951.346422, -8.655205 -26.536263 0.800000 0 0 0 1
1566300951.446590, -8.112857 -25.612720 0.800000 0 0 0 1
1566300951.545879, -7.571009 -24.670642 0.800000 0 0 0 1
1566300951.647070, -7.029162 -23.728563 0.800000 0 0 0 1
1566300951.747279, -6.487315 -22.786485 0.800000 0 0 0 1
1566300951.846886, -5.956805 -21.844712 0.800000 0 0 0 1
1566300951.943804, -5.426296 -20.902939 0.700000 0 0 0 1
1566300952.044139, -4.895786 -19.961166 0.700000 0 0 0 1
1566300952.148375, -4.353940 -19.019088 0.700000 0 0 0 1
1566300952.249094, -3.800757 -18.076703 0.700000 0 0 0 1
1566300952.350533, -3.258912 -17.134624 0.700000 0 0 0 1
1566300952.448482, -2.717066 -16.192545 0.700000 0 0 0 1
1566300952.548168, -2.187058 -15.232236 0.700000 0 0 0 1
1566300952.651841, -1.645713 -14.271621 0.700000 0 0 0 1
1566300952.746817, -1.115705 -13.311313 0.700000 0 0 0 1
1566300952.844259, -0.585198 -12.369539 0.700000 0 0 0 1
1566300952.941049, -0.043853 -11.408924 0.700000 0 0 0 1
